ONS-Operador Nacional Do Sistema Eletrico
Modelo Computacional SMAP
Versao: 3.0.4 Data: 20/11/2021

Iniciando execucao: 23-02-2023 14:10:35

Parametros
   Amplitude inicial: 0.5
   dm alvo: 0 (nao e necessario multiplicar por 100)
   Limite de iteracoes: 10000
   Particulas: 24
   Pulso inicial: 0.1
   Uso de pesos: on
   Gerar graficos: off
   Semente: 9952
   arqPrev: 0

Sub bacia: P_da_Beira
cef: 0.88918779
*dm: 0.12372076
ebin: 28.488
mape: 0.055022551
somacoef: 1.8341652
supin: 1042.3267
Iteracoes: 10000
Iteracao otima: 9049
Tempo: 28.838 s

Qcal
[91](0,0,0,0,0,0,0,0,0,0,0,0,0,0,0,0,0,0,0,0,0,0,0,0,0,0,0,0,0,0,0,0,0,0,0,0,0,0,0,0,0,0,0,0,0,0,0,0,0,0,0,0,0,0,0,0,0,0,0,0,1070.8147,1213.3231,1359.5582,1512.9805,1634.2533,1681.6778,1709.0954,1730.7418,1737.3491,1742.4916,1744.7204,1747.695,1759.9861,1763.9832,1763.4822,1767.0462,1776.5671,1789.472,1805.9137,1815.0089,1861.4867,1926.2981,1976.2182,2018.7899,2067.4821,2101.2263,2147.9264,2233.6207,2265.9189,2284.4033,2301.4498)
Rsolo
[91](0,0,0,0,0,0,0,0,0,0,0,0,0,0,0,0,0,0,0,0,0,0,0,0,0,0,0,0,0,0,0,0,0,0,0,0,0,0,0,0,0,0,0,0,0,0,0,0,0,0,0,0,0,0,0,0,0,0,0,16.177128,16.29446,16.401815,16.505264,16.59431,16.664344,16.740926,16.820573,16.855721,16.877201,16.709432,16.610659,16.583505,16.558709,16.528973,16.51651,16.530735,16.564272,16.614645,16.646698,16.771653,16.926144,17.021501,17.078152,17.124397,17.14061,17.16583,17.223364,17.220204,17.202005,17.183486,15.000678)
Rsub
[91](0,0,0,0,0,0,0,0,0,0,0,0,0,0,0,0,0,0,0,0,0,0,0,0,0,0,0,0,0,0,0,0,0,0,0,0,0,0,0,0,0,0,0,0,0,0,0,0,0,0,0,0,0,0,0,0,0,0,0,1.9339665,2.1703462,2.4116198,2.6572958,2.907195,3.1605685,3.4164044,3.6750687,3.9367414,4.198984,4.4610456,4.7125665,4.9574359,5.199571,5.4391159,5.6758224,5.9106319,6.1449817,6.3799107,6.6163279,6.8532461,7.0957213,7.3454272,7.5991302,7.8546796,8.1114952,8.3678879,8.6243687,8.8827687,9.1396465,9.3941589,9.6463016)
Rsup
[91](0,0,0,0,0,0,0,0,0,0,0,0,0,0,0,0,0,0,0,0,0,0,0,0,0,0,0,0,0,0,0,0,0,0,0,0,0,0,0,0,0,0,0,0,0,0,0,0,0,0,0,0,0,0,0,0,0,0,0,4.6438964,5.2633033,5.8989926,6.5664144,7.2431311,7.7671248,8.0507434,8.2646496,8.2976627,8.3130089,8.2934436,8.2846839,8.3888308,8.3939919,8.3456652,8.3465923,8.4192938,8.5326601,8.6883397,8.7556515,9.2711985,10.005636,10.442731,10.720265,11.026839,11.105463,11.328808,11.985424,11.896228,11.659557,11.448012,7.967117)
Peso chuva 
[91](1.9115388,0.66583509,2,2,0.5,0.5,0.67771313,0.5,2,0.5,0.68151705,0.56701799,2,1.9058311,0.50078385,1.9277606,0.5,0.5,0.94374251,1.9117294,0.5,2,0.59339441,1.9748533,0.5,1.8653766,0.5,1.8554698,2,0.5,0.5,0.5,0.5,2,2,1.9682173,1.9464165,2,0.60667239,0.5,1.9925951,2,2,1.8746956,2,1.8625233,0.58728302,1.7771,0.5,2,2,0.5,0.5,2,0.5,2,2,2,0.5,2,0.5,0.5,0.5,0.5,0.5,0.5,0.5,0.5,0.5,0.5,0.5,0.5,0.5,0.5,0.5,0.5,0.5,0.5,0.5,0.56447238,0.6113912,0.60848814,0.60263439,0.62990219,0.61361472,0.61244682,0.68496088,0.65167843,0.63817647,0.62457025,1)
Previsao PMEDIA_ORIG
[20] (4.8,7.1,5.5,9.9,9.5,5.1,4.4,3.9,4.4,9.4,12.5,10.4,9,10.5,7.6,7.6,7.6,7.6,7.6,7.6)


Sub bacia: Guaj-mirim
cef: 0.99859854
*dm: 0.0030242546
ebin: 345.936
mape: 0.0026799325
somacoef: 1.9959186
supin: 8987.1233
Iteracoes: 10000
Iteracao otima: 9330
Tempo: 19.007 s

Qcal
[69](0,0,0,0,0,0,0,0,0,0,0,0,0,0,0,0,0,0,0,0,0,0,0,0,0,0,0,0,0,0,0,0,0,0,0,0,0,0,5044.2605,5255.7686,5417.6979,5453.2803,5503.8383,5524.4638,5543.2988,5564.0265,5580.6243,5602.6465,5761.8056,5920.86,6069.9105,6136.2508,6216.4906,6271.9676,6362.04,6527.9683,6670.3973,6751.1385,6903.0542,7039.7899,7111.999,7130.6838,7148.371,7172.5694,7214.801,7265.1273,7310.8593,7469.8842,7579.2853)
Rsolo
[69](0,0,0,0,0,0,0,0,0,0,0,0,0,0,0,0,0,0,0,0,0,0,0,0,0,0,0,0,0,0,0,0,0,0,0,0,0,91.857341,92.241949,92.071293,92.048131,91.904156,91.814494,91.77572,91.729785,91.721326,92.190471,92.165789,92.145332,91.955757,91.913284,91.813724,91.874759,92.07004,92.106698,91.989231,92.094456,92.111627,91.983373,91.735812,91.597847,91.554358,91.614845,91.680706,91.689153,92.002986,92.021938,92.314315,89.469679)
Rsub
[69](0,0,0,0,0,0,0,0,0,0,0,0,0,0,0,0,0,0,0,0,0,0,0,0,0,0,0,0,0,0,0,0,0,0,0,0,0,10.698104,11.0484,11.401568,11.749556,12.094539,12.434797,12.771151,13.104367,13.434365,13.76171,14.093315,14.422019,14.747905,15.068551,15.386123,15.699824,16.011998,16.324596,16.635326,16.941974,17.247791,17.551509,17.851044,18.144712,18.434144,18.720732,19.005988,19.290003,19.571961,19.856277,20.138687,20.423163)
Rsup
[69](0,0,0,0,0,0,0,0,0,0,0,0,0,0,0,0,0,0,0,0,0,0,0,0,0,0,0,0,0,0,0,0,0,0,0,0,0,13.401809,12.122318,8.6137588,9.0572651,8.232901,8.1874769,8.2473571,8.1353763,8.2192718,12.141109,12.180369,11.980399,9.6925909,10.111195,9.4202222,10.362704,12.518688,11.931139,10.20067,12.220131,11.862948,10.115903,8.6365141,8.6113473,8.7891628,9.2950588,9.5342883,9.3584145,12.567722,11.097544,17.481259,5.894882)
Peso chuva 
[69](2,0.60741464,2,0.62474023,1.8775804,0.5,0.58692584,2,2,2,1.4958361,2,0.5,0.55556844,0.5,1.2130431,1.0142143,0.5,0.659591,0.76522228,2,0.5,1.8130119,1.907791,1.8292527,1.9941682,2,2,1.9161467,0.5985411,1.7388642,0.50284334,0.63319955,1.8950136,1.8595091,0.61803381,2,2,0.86912124,0.50746744,0.5780397,0.5,0.5,0.5,0.5,0.5,0.93320925,0.82816918,0.79112206,0.57728926,0.62896855,0.57542469,0.65612377,0.89337725,0.85193329,0.71243676,0.94543218,0.88683274,0.67463744,0.5,0.5,0.5,0.5,0.5,0.5,0.79724469,0.66910118,1.249892,1)
Previsao PMEDIA_ORIG
[20] (4.3,4.6,4.4,11.7,6.3,2.6,2.5,5.3,9.1,9.2,9.7,9,8.7,9,6.8857143,6.8857143,6.8857143,6.8857143,6.8857143,6.8857143)


Sub bacia: Jirau2
cef: 0.99780656
*dm: 0.0047225066
ebin: 4865.8061
mape: 0.0041822131
somacoef: 1.9936244
supin: 7961.0723
Iteracoes: 10000
Iteracao otima: 9960
Tempo: 17.532 s

Qcal
[65](0,0,0,0,0,0,0,0,0,0,0,0,0,0,0,0,0,0,0,0,0,0,0,0,0,0,0,0,0,0,0,0,0,0,12786.628,12277.551,11723.526,11176.417,10787.619,10651.801,10364.705,10162.541,9997.6701,9866.137,9769.7897,9872.5946,10428.562,11233.495,12464.811,13831.105,15297.56,16499.578,17320.299,17862.342,18136.531,18084.653,17964.288,17864.9,17980.012,18110.999,18439.658,18901.359,19441.925,19738.068,19918.707)
Rsolo
[65](0,0,0,0,0,0,0,0,0,0,0,0,0,0,0,0,0,0,0,0,0,0,0,0,0,0,0,0,0,0,0,0,0,147.4531,146.82323,145.92087,144.84705,144.00251,143.67454,142.92418,142.31866,141.76157,141.25763,140.44718,140.20344,141.0623,142.48273,144.61491,147.3752,150.70298,153.72954,156.11245,157.882,159.07737,159.70934,160.03762,160.20557,160.4345,160.62541,160.93458,161.33095,161.77301,162.05081,162.22838,154.36524)
Rsub
[65](0,0,0,0,0,0,0,0,0,0,0,0,0,0,0,0,0,0,0,0,0,0,0,0,0,0,0,0,0,0,0,0,0,100.63412,101.37366,102.07632,102.73054,103.32967,103.88486,104.41937,104.91519,105.37922,105.81406,106.22243,106.59183,106.94672,107.33379,107.7771,108.30805,108.95593,109.74912,110.67636,111.70849,112.81617,113.97095,115.14436,116.32091,117.49248,118.66224,119.82828,120.99672,122.17203,123.35657,124.54182,125.72263)
Rsup
[65](0,0,0,0,0,0,0,0,0,0,0,0,0,0,0,0,0,0,0,0,0,0,0,0,0,0,0,0,0,0,0,0,0,8.6240174,7.9902099,7.3532457,6.7263104,6.2737549,6.097547,5.7585476,5.513579,5.3106734,5.1454113,5.019651,5.1116688,5.6953449,6.5470334,7.8576655,9.7490758,12.146655,14.090715,15.386941,16.209125,16.57772,16.397769,16.101899,15.840817,15.938491,16.062833,16.517711,17.194663,18.002812,18.401875,18.607916,11.752931)
Peso chuva 
[65](2,2,0.56462324,1.9396945,2,0.5,2,1.1830746,2,2,2,0.52318715,1.9226812,2,0.69024804,1.8576588,1.9897507,2,2,1.0669629,1.9193468,2,1.8883046,0.5,0.5,1.8013139,0.5,2,0.65244021,2,1.9259789,2,2,0.88125595,0.5,0.5,0.5,0.54890365,0.66202698,0.63584298,0.66081073,0.660375,0.6254953,0.55849308,0.53440372,0.59714038,0.64094879,0.68307269,0.72743447,0.80850385,0.82345005,0.8359783,0.86976784,0.8650097,0.79807344,0.74985354,0.71552045,0.70259584,0.71512499,0.74708742,0.76620264,0.80794615,0.84193751,0.80935338,1)
Previsao PMEDIA_ORIG
[20] (6.4,6.1,5.9,12.8,14.8,7,4.7,7.5,7.5,14.7,13.7,11.3,12.9,12.3,9.8285714,9.8285714,9.8285714,9.8285714,9.8285714,9.8285714)


Sub bacia: S.Antonio
cef: -4.8807531
*dm: 5.9105317
ebin: 1.296
mape: 0.59255966
somacoef: -4.4733128
supin: 0.17012581
Iteracoes: 10000
Iteracao otima: 616
Tempo: 11.485 s

Qcal
[46](0,0,0,0,0,0,0,0,0,0,0,0,0,0,0,1.4661258,495.70882,718.21135,789.49144,820.8143,857.31127,899.9149,920.31346,940.39422,959.14847,979.30413,964.07922,987.07976,1014.5824,1026.2431,1036.7462,1060.747,1085.0664,1098.4069,1140.3978,1166.6864,1183.2088,1183.589,1182.4879,1157.0698,1144.8017,1145.8925,1138.4584,1128.5065,1130.5443,1118.501)
Rsolo
[46](0,0,0,0,0,0,0,0,0,0,0,0,0,0,7.953,7.9502262,7.9488888,7.9411025,7.9343688,7.9491845,7.9705482,7.9669445,7.9660102,7.9649032,7.7487096,7.6559366,7.659473,7.6738225,7.6672688,7.6619035,7.6758269,7.6875332,7.6845983,7.7158086,7.7233371,7.7209605,7.7028769,7.6864121,7.6377508,7.6119515,7.6088165,7.5902719,7.568405,7.5711423,7.5458043,5.3139892)
Rsub
[46](0,0,0,0,0,0,0,0,0,0,0,0,0,0,6.0003059,6.2698642,6.5389045,6.8075345,7.0752747,7.3422049,7.6099295,7.8789387,8.1473682,8.415418,8.6830756,8.9345193,9.1789908,9.4234332,9.6686218,9.9130573,10.156826,10.401312,10.646356,10.890906,11.137421,11.384195,11.630513,11.875241,12.118503,12.357999,12.59538,12.832264,13.067558,13.301032,13.53443,13.76577)
Rsup
[46](0,0,0,0,0,0,0,0,0,0,0,0,0,0,0.0027159357,7.8920143,13.117439,15.252146,15.765564,16.41565,17.219698,17.184978,17.168767,17.133057,17.177871,16.019674,16.339488,16.792661,16.662479,16.526155,16.888633,17.234828,17.178031,18.133727,18.450885,18.413667,17.845046,17.313078,16.022893,15.354155,15.234207,14.839945,14.41054,14.448699,13.997771,7.8825763)
Peso chuva 
[46](1.9717716,0.6255513,0.5,0.82140012,0.5,2,2,2,1.9892184,0.5,2,0.50080489,0.5,1.1942571,2,0.5,0.5,0.5,0.5,0.5,0.5,0.5,0.5,0.5,0.5,0.5,0.5,0.5,0.5,0.5,0.5,0.5,0.5,0.5,0.5,0.5,0.5,0.5,0.5,0.5,0.5,0.5,0.5,0.5,0.5,1)
Previsao PMEDIA_ORIG
[20] (10.5,8.5,7.5,13.6,13.7,10.4,7.3,8.5,8.7,16.2,22.4,19.8,16.7,18,12.985714,12.985714,12.985714,12.985714,12.985714,12.985714)


Sub bacia: Guapore
cef: 0.90321275
*dm: 0.097030892
ebin: 21.790326
mape: 0.0068718324
somacoef: 1.8963409
supin: 9.1563859
Iteracoes: 10000
Iteracao otima: 9298
Tempo: 8.381 s

Qcal
[34](0,0,0,30.946712,30.244894,30.464068,30.054573,32.698237,34.283438,34.22002,34.003643,35.088676,34.151872,33.319485,34.395521,33.540978,36.386953,35.496387,35.124462,35.265359,35.034259,34.905688,35.50841,35.56306,36.091688,37.207677,36.965102,36.024613,35.846585,34.921797,33.978883,33.465636,33.435089,33.570303)
Rsolo
[34](0,0,43.061044,41.298462,45.58222,44.851069,55.750932,60.00019,56.970724,54.594247,58.155689,50.794074,46.771365,53.12731,47.868104,58.583707,52.008944,51.133169,52.786934,52.033542,51.923829,54.786856,54.405017,56.050639,59.029543,55.867221,49.415401,50.148591,44.95319,40.340965,40.79505,43.828652,46.65686,40.792313)
Rsub
[34](0,0,940.75205,943.31747,945.39092,948.6958,951.77339,958.65584,967.30067,974.65215,981.04561,988.86748,993.83016,997.43404,1003.2339,1007.1777,1015.1408,1020.5006,1025.5362,1031.1668,1036.5115,1041.8081,1048.1755,1054.3853,1061.2333,1069.3049,1076.0571,1080.4094,1085.0079,1087.9115,1089.5142,1091.2337,1093.7942,1097.2116)
Rsup
[34](0,0,5.4438199,4.9912336,5.0929873,4.8040148,6.3333922,7.1810759,7.0243227,6.7944401,7.351489,6.6868079,6.1235806,6.7136956,6.1257665,7.7634958,7.1243607,6.8294276,6.8438495,6.6289119,6.4788704,6.7642708,6.7090759,6.9378502,7.507044,7.2516696,6.5995273,6.4337476,5.8205986,5.2200154,4.8927998,4.8509589,4.896087,4.3619176)
Peso chuva 
[34](2,0.5,0.5,2,2,2,1.5005882,0.72113781,2,2,1.2610603,0.5,0.5,0.5,0.5,0.5,0.5,0.59667325,0.80973612,0.70874212,0.57704563,0.66738167,1.0961489,0.83225921,0.5,0.70752444,0.5,0.5,0.5,0.5,2,0.5,1.1045566,1)
Previsao PMEDIA_ORIG
[20] (6.1,11,7.4,11.4,7.1,4.8,6.8,5.5,2.4,10.3,11.9,10.7,7.6,8.8,7.9857143,7.9857143,7.9857143,7.9857143,7.9857143,7.9857143)


Sub bacia: Dardanelos
cef: 0.93063115
*dm: 0.078037699
ebin: 51.08
mape: 0.035746967
somacoef: 1.8948842
supin: 148.2873
Iteracoes: 10000
Iteracao otima: 9977
Tempo: 8.098 s

Qcal
[34](0,0,0,199.3673,194.81787,190.3846,187.95377,187.24709,188.3769,261.20857,368.81678,376.42847,377.22018,371.0949,365.53495,360.99195,358.00781,361.03384,371.49012,376.90421,379.27215,384.81927,386.98632,386.04235,382.62042,379.31997,372.93694,364.30624,355.90146,351.38342,346.26314,340.87183,409.67215,462.24959)
Rsolo
[34](0,0,58.02714,57.041562,56.049145,56.240036,57.013036,58.213287,65.946666,71.800213,72.114296,71.847511,70.657309,69.731877,69.0916,68.766637,69.216373,70.200273,70.548125,70.549269,70.826318,70.753169,70.383563,69.771702,69.267851,68.283228,66.743451,65.337456,65.145287,64.767523,64.290689,69.65008,72.402134,68.393378)
Rsub
[34](0,0,18.944306,19.813319,20.626917,21.386438,22.142298,22.919089,23.735391,24.897889,26.345869,27.788762,29.195116,30.516052,31.767877,32.967122,34.131187,35.3008,36.504163,37.707571,38.892646,40.074361,41.234111,42.356486,43.429418,44.459588,45.423078,46.293743,47.081442,47.847703,48.583863,49.285722,50.246357,51.339615)
Rsup
[34](0,0,16.190071,15.437538,14.713999,14.225008,13.925338,13.820015,21.5315,32.937987,33.34277,33.004443,31.921671,30.925768,30.061241,29.382392,29.370091,30.167394,30.404254,30.30852,30.565287,30.454006,30.009529,29.305511,28.62931,27.629141,26.403199,25.22925,24.504081,23.719471,22.91413,30.219161,35.676791,33.824364)
Peso chuva 
[34](2,1.8317096,0.70097125,0.5,0.5,0.5,0.5,0.5,1.5254205,1.4952948,0.5,0.5,0.5,0.5,0.5,0.5,0.5,0.5,0.5,0.5,0.5,0.5,0.5,0.5,0.5,0.5,0.5,0.5,0.5,0.5,0.5,1.8139073,1.3498301,1)
Previsao PMEDIA_ORIG
[20] (3.8,6.3,7.4,6.9,5.3,5.8,6.7,5.6,6.8,13.4,17.5,13.7,13.2,12.6,8.9285714,8.9285714,8.9285714,8.9285714,8.9285714,8.9285714)


Sub bacia: Samuel
cef: 0.91492476
*dm: 0.087438625
ebin: 210.23688
mape: 0.020191999
somacoef: 1.8947328
supin: 168.56915
Iteracoes: 10000
Iteracao otima: 9939
Tempo: 8.01 s

Qcal
[32](0,378.80603,362.29564,347.92258,334.32992,332.77868,365.47885,420.66323,465.24136,528.24624,583.53892,641.49513,653.34839,674.27982,678.93818,706.47988,718.52546,836.58371,991.60906,966.95047,924.92652,880.7372,836.73966,797.81395,765.84136,734.44137,705.77055,684.12007,666.11787,643.37073,630.46568,626.3792)
Rsolo
[32](46.53055,46.563091,46.833029,46.609586,49.028382,52.485043,53.850282,53.307964,54.500915,54.186502,54.549822,52.060355,53.101117,51.849817,53.583918,52.485478,57.084369,57.155872,50.247803,49.421464,48.476491,47.881908,48.309713,48.906867,48.343136,48.47221,49.254786,49.413505,48.138953,49.752196,50.57697,45.604519)
Rsub
[32](54.550433,53.537153,52.566879,51.784604,50.882788,51.558077,54.706388,58.85122,62.471167,66.964887,71.100297,75.436929,77.717372,80.744339,82.745434,86.037593,88.398724,94.498403,100.52207,100.90599,100.70606,99.874847,98.674428,97.779801,97.302135,96.460799,95.723716,95.528315,95.445768,94.513198,94.68732,95.43852)
Rsup
[32](10.596475,9.8040946,9.135651,8.4707179,8.5916853,10.48366,13.18989,14.987973,18.071549,20.458639,23.099968,22.794457,23.557758,23.117255,24.363763,24.323382,31.172653,39.439997,36.43059,33.695901,30.966537,28.402172,26.246073,24.452973,22.594852,20.996395,19.813988,18.729686,17.31977,16.734473,16.435407,14.885937)
Peso chuva 
[32](0.64542008,0.5,0.5,0.5,0.6852435,0.81956222,0.84592609,0.77837154,1.1202575,1.3264655,1.0334083,0.67163538,0.68986695,0.52444203,0.77860393,0.5,1.425377,1.5679761,0.5,0.5,0.5,0.5,0.5,0.5,0.5,0.84718307,1.1815294,0.92340926,0.5,0.5,0.5,1)
Previsao PMEDIA_ORIG
[20] (8.1,9.7,8.9,12.8,12.4,9.1,6.1,6.6,5.6,11.8,16.9,13.7,14.8,15.7,10.871429,10.871429,10.871429,10.871429,10.871429,10.871429)


Sub bacia: RondonII
cef: 0.99738845
*dm: 0.0058077963
ebin: 87.754784
mape: 0.0051875129
somacoef: 1.9922009
supin: 3.309145
Iteracoes: 10000
Iteracao otima: 9392
Tempo: 7.966 s

Qcal
[34](0,0,0,91.063929,90.219523,95.064397,98.062674,108.45979,112.02061,109.56562,113.25206,116.74319,110.46345,115.64876,118.97559,124.95515,130.92936,144.96302,144.45228,131.66874,124.97168,118.76605,113.37701,108.50956,105.19797,102.6346,100.18367,107.50606,112.93443,141.56257,162.48397,167.23871,194.49789,179.46494)
Rsolo
[34](0,0,41.53799,39.234481,42.451512,43.572831,46.642057,46.456292,44.570658,45.986415,46.625288,43.118039,45.824247,46.523774,47.593714,48.199153,50.073466,48.458572,44.101597,44.024962,43.296128,42.473206,41.436952,41.150792,40.880883,40.223613,44.359021,45.893239,50.951177,51.730124,50.415965,53.163676,48.635613,40.723485)
Rsub
[34](0,0,859.07479,858.49521,856.74732,856.67365,857.23753,859.69153,862.01636,863.15316,865.16434,867.57998,867.84417,869.73618,872.07001,875.10328,878.53806,883.28979,886.87536,887.6453,888.36716,888.66145,888.48941,887.75417,886.87013,885.84811,884.4932,885.42489,887.29979,892.67122,898.61574,903.54955,910.58177,914.19603)
Rsup
[34](0,0,0.38265709,0.2918594,0.87274895,1.2203286,2.4159517,2.7987238,2.4873769,2.900235,3.2801794,2.5254795,3.1219684,3.4843215,4.148207,4.8032128,6.3854397,6.2702514,4.7496567,3.9661391,3.2400161,2.6133718,2.0525507,1.6782951,1.3923198,1.1209752,1.9837135,2.6004246,5.8887291,8.2445523,8.7241531,11.818023,9.9966031,7.0686658)
Peso chuva 
[34](1.9929459,2,2,0.55762857,0.70623202,0.62424715,0.7288029,0.70969474,0.5,0.93445856,1.0176398,0.56449417,0.80823838,1.0907264,0.78365316,0.9672825,1.0057745,0.95100808,0.5,0.5,0.5,0.5,0.5,0.5,0.5,0.65951944,1.1830078,1.0415418,1.4834468,1.3915781,0.91678715,1.5044811,1.036837,1)
Previsao PMEDIA_ORIG
[20] (4.4,7.7,3.6,9.8,8,5.8,6.7,4.8,4.6,7.3,12.2,10.6,9.4,12.5,7.6714286,7.6714286,7.6714286,7.6714286,7.6714286,7.6714286)


Sub bacia: BALBINA
cef: 0.99232098
*dm: 0.012412085
ebin: 120.448
mape: 0.0097515403
somacoef: 1.9825694
supin: 1103.5812
Iteracoes: 10000
Iteracao otima: 8694
Tempo: 9.344 s

Qcal
[36](0,0,0,0,0,954.88263,913.08879,869.61681,830.44967,794.76418,761.70808,730.79265,701.85156,674.56459,649.75108,630.94166,646.39343,663.33037,702.8955,739.08931,758.86912,769.83877,790.89928,823.56266,863.25338,906.74199,937.01965,997.14938,1033.1706,1094.6355,1137.133,1175.9949,1167.1127,1181.5218,1190.7381,1222.4886)
Rsolo
[36](0,0,0,0,72.744,70.458918,67.192961,63.795646,60.409162,57.713013,55.557198,54.038433,52.774425,52.294514,53.563536,59.169791,63.396019,67.411061,69.719353,70.528134,70.698869,71.145796,71.716557,72.180092,72.497723,72.441174,72.907331,72.800544,73.119224,73.047995,72.996618,72.071134,72.152825,72.084613,72.499148,67.321517)
Rsub
[36](0,0,0,0,79.873813,81.572056,82.986635,84.025444,84.704655,85.056591,85.169771,85.106282,84.926294,84.654625,84.350597,84.140448,84.38539,85.022556,86.070912,87.369201,88.751782,90.144709,91.580442,93.073937,94.61268,96.179179,97.728005,99.322857,100.89365,102.4926,104.07176,105.63372,107.0726,108.51136,109.93198,111.39284)
Rsup
[36](0,0,0,0,75.486517,54.042331,38.912025,28.722566,21.888164,17.304109,14.229551,12.184265,10.820866,10.011004,9.9462771,13.013966,15.31214,19.068482,21.450701,21.648186,21.010863,21.567236,23.131113,25.003373,26.813098,26.979734,30.057837,30.132993,32.753818,33.010276,33.016676,28.63743,27.79636,26.773575,28.243721,21.566987)
Peso chuva 
[36](2,1.9570345,1.7543896,2,2,0.5,0.5,0.5,0.5,0.5,0.59299055,0.5,0.5,0.50440464,0.8592118,0.8649806,0.78726725,0.84562521,1.3463703,1.2303171,1.4069004,1.4042373,1.5753264,2,2,2,1.3505066,1.2516524,1.0542478,1.2897188,0.92372427,0.69183263,0.50018223,0.58500435,0.81208036,1)
Previsao PMEDIA_ORIG
[20] (6.9,13,15.3,14,15.4,15.2,16.7,8.4,7.5,10.3,8.1,11.8,11.5,10.7,11.771429,11.771429,11.771429,11.771429,11.771429,11.771429)


Sub bacia: FGOMES
cef: 0.99776159
*dm: 0.0097969186
ebin: 424.51757
mape: 0.0095377751
somacoef: 1.9882238
supin: 1627.0019
Iteracoes: 10000
Iteracao otima: 9922
Tempo: 10.865 s

Qcal
[45](0,0,0,0,0,0,0,0,0,0,0,0,0,0,1356.9929,1507.6289,1449.9284,1391.0875,1193.1117,953.22511,795.56706,690.14482,647.856,713.89536,987.06586,1352.8569,1515.1562,1469.3715,1519.0108,1663.5006,1612.5683,1794.3642,1848.4809,1981.7873,1994.2395,2078.9068,2030.395,2103.1968,2207.6086,2348.4889,2389.5377,2435.3706,2602.2769,2559.8559,2517.7333)
Rsolo
[45](0,0,0,0,0,0,0,0,0,0,0,0,0,86.04096,90.68271,86.159737,85.141535,82.127747,76.712225,73.050933,70.528946,68.74214,71.463974,77.433388,83.20101,89.845095,85.526826,85.82638,92.011373,85.984153,91.301515,89.455886,93.064524,87.74669,91.905345,86.788578,89.927845,92.275816,93.681638,90.786294,91.767411,94.875336,87.737027,87.212081,77.570134)
Rsub
[45](0,0,0,0,0,0,0,0,0,0,0,0,0,77.782479,83.296145,90.691266,96.055872,100.92832,104.55857,106.20901,106.65989,106.35439,105.55189,105.53555,107.4144,111.35342,117.95282,122.64484,127.38587,134.69998,139.32061,146.13385,152.03296,159.44985,164.41849,171.11873,175.51124,181.16598,187.77765,194.93308,200.66755,206.75165,214.17641,218.30449,222.15071)
Rsup
[45](0,0,0,0,0,0,0,0,0,0,0,0,0,10.385101,9.4155064,4.5298326,4.3626855,3.2793257,1.9316425,1.1422996,0.6894977,0.43021215,0.87969539,2.6239034,4.8932831,9.4802934,4.5385031,5.0382999,10.851884,4.4452603,9.5712908,6.4477105,10.58723,4.9959981,9.7738641,4.7008238,7.8665732,9.5144015,10.403298,6.8316184,8.4704351,12.292871,4.7812678,5.3894257,2.844791)
Peso chuva 
[45](1.7729336,2,1.080457,2,0.5,2,1.3300465,0.64721788,2,1.9920311,1.7017681,0.70198285,1.3499128,1.8322603,1.7048394,0.72157537,0.97178786,0.82824351,0.5,0.5,0.50726776,0.5,1.1956719,1.6271188,1.6125091,1.9736842,0.70013558,0.95640085,1.6432568,0.51550284,1.3642672,0.93014009,1.716691,0.76782022,1.7455621,0.75414606,1.4298948,1.5158062,1.5956442,0.97433362,1.2596401,1.5087508,0.51389619,0.80392713,1)
Previsao PMEDIA_ORIG
[20] (16.2,14.6,14.7,14.5,14.5,18.3,15.4,7.4,8.1,8.9,9.2,8.6,10.7,13.3,12.457143,12.457143,12.457143,12.457143,12.457143,12.457143)


Sub bacia: CURUAUNA
cef: 0.9911696
*dm: 0.012106979
ebin: 80.541187
mape: 0.0082826925
somacoef: 1.9828869
supin: 288.533
Iteracoes: 10000
Iteracao otima: 9755
Tempo: 9.059 s

Qcal
[39](0,0,0,0,0,0,0,0,369.07418,367.02515,360.55821,362.76167,381.65591,418.90006,444.02296,428.882,426.92894,441.76172,451.55908,447.93718,430.13722,414.84826,399.76948,386.06679,370.41351,355.58413,350.76743,346.65947,342.12379,329.12469,327.05779,315.21277,317.14917,305.96665,299.61291,304.14385,381.31287,433.14317,484.93091)
Rsolo
[39](0,0,0,0,0,0,0,258.65327,258.33226,257.08825,257.59212,260.2508,264.1723,266.43442,263.0753,262.59293,264.23819,264.84525,263.70554,259.37548,255.94636,252.51246,249.51505,245.06864,240.73558,240.97603,241.27745,241.30656,236.74201,237.6183,233.51893,235.58202,231.47736,230.57465,233.33168,245.40331,253.23182,259.62594,252.53147)
Rsub
[39](0,0,0,0,0,0,0,83.123227,85.620223,88.08919,90.486998,92.896046,95.418415,98.116833,100.91233,103.52909,106.109,108.75548,111.41796,114.0111,116.38291,118.58149,120.61079,122.49442,124.17239,125.65603,127.14218,128.63344,130.11823,131.40468,132.72066,133.86253,135.08214,136.13024,137.13724,138.2488,139.86004,141.81237,144.05263)
Rsup
[39](0,0,0,0,0,0,0,22.942295,22.586991,21.882563,21.873032,23.189779,25.956863,27.746579,26.327291,25.970392,26.951033,27.526163,27.033045,25.417921,24.019508,22.651153,21.405259,20.015487,18.707074,18.209775,17.768639,17.293098,16.1451,15.88164,14.838412,14.904408,13.921283,13.335324,13.618012,19.66836,23.665437,27.632852,25.782362)
Peso chuva 
[39](1.2726673,1.8784245,1.8596342,1.959158,2,0.5,2,0.5,0.74562656,1.3018302,0.92379307,1.0279235,1.2814939,2,2,2,1.9993811,1.3337689,1.1364165,0.5,0.5,0.5,0.5,0.5,0.5,2,2,1.8914283,0.52132433,2,0.5,1.879711,0.5,1.1219033,1.2507978,1.796584,0.92175694,0.77585826,1)
Previsao PMEDIA_ORIG
[20] (2.7,9.6,9.7,11.5,7.9,10.1,7.7,6.2,7.1,9.4,12.2,12.8,11.3,10.2,9.1714286,9.1714286,9.1714286,9.1714286,9.1714286,9.1714286)


Sub bacia: STOANTJARI
cef: 0.95116347
*dm: 0.052175784
ebin: 330.296
mape: 0.018365895
somacoef: 1.9327976
supin: 1626.0099
Iteracoes: 10000
Iteracao otima: 9769
Tempo: 9.35 s

Qcal
[41](0,0,0,0,0,0,0,0,0,0,1956.3059,1930.768,1885.493,1812.4352,1729.1866,1640.6213,1554.8679,1477.6626,1412.6239,1366.6535,1338.4015,1467.0283,1694.7296,1932.2139,2032.25,2107.7343,2177.4086,2197.4581,2239.8776,2237.3341,2187.8136,2128.9644,2075.3581,2079.1841,2068.2069,2108.6332,2142.4415,2197.9048,2241.3876,2281.7574,2312.3156)
Rsolo
[41](0,0,0,0,0,0,0,0,0,104.54534,100.06633,97.274705,93.542204,90.725477,88.220441,86.236028,85.005763,84.723809,86.292016,88.825705,98.753625,105.66848,108.11664,105.65698,104.3912,103.95328,102.03182,102.3809,100.5723,96.972287,94.871813,94.350056,97.576707,97.886324,100.40392,101.01307,102.11385,102.06984,101.99024,101.61331,92.549453)
Rsub
[41](0,0,0,0,0,0,0,0,0,48.391354,54.158434,57.785735,60.160636,60.987402,60.731156,60.033599,59.344054,58.66243,57.988634,57.322578,56.664172,59.685559,65.868171,73.203459,79.225169,84.564054,89.632306,93.742201,97.966214,101.31649,103.064,103.9269,104.57063,106.53612,108.61097,111.7635,115.15399,119.00856,122.79856,126.50836,130.00257)
Rsup
[41](0,0,0,0,0,0,0,0,0,40.859664,39.228776,37.468924,35.225735,32.991993,30.810405,28.775169,26.953362,25.435929,24.396314,23.800617,27.14578,32.349419,37.25669,38.512349,39.376353,40.211474,39.846003,40.207038,39.418631,37.599612,35.821075,34.326013,34.311744,33.698787,34.358777,34.667628,35.479826,35.911373,36.275765,36.407363,33.969271)
Peso chuva 
[41](1.7979179,1.0239234,2,0.5,1.7756728,0.5,0.5,2,0.98653092,2,0.5,0.5,0.5,0.5,0.5,0.5,0.5,0.5,0.5,0.5,1.0884308,1.140344,1.113656,0.70343837,0.56977446,0.54074014,0.69461198,0.86041695,0.77718631,0.5,0.61279679,0.60700336,0.87152828,0.81600377,0.99749432,0.7779466,1.1111269,0.65348748,0.58169866,0.51818294,1)
Previsao PMEDIA_ORIG
[20] (18.9,20.4,18.2,17.7,20.2,21,20.6,7.8,7.4,9.6,9.7,9,9.9,12,14.457143,14.457143,14.457143,14.457143,14.457143,14.457143)


Sub bacia: COLIDER
cef: 0.98661759
*dm: 0.013630367
ebin: 565.80853
mape: 0.0025880633
somacoef: 1.9840295
supin: 725.86324
Iteracoes: 10000
Iteracao otima: 9562
Tempo: 9.975 s

Qcal
[42](0,0,0,0,0,0,0,0,0,0,0,1277.8227,1295.2103,1294.0098,1344.8243,1390.8938,1426.0366,1405.975,1414.4387,1422.9931,1440.4713,1478.1685,1543.4676,1565.1109,1572.6268,1539.7564,1553.076,1547.9528,1524.1558,1526.2768,1487.0637,1453.9972,1421.2007,1387.6729,1354.3088,1333.4519,1385.9606,1411.4159,1439.6579,1466.6555,1503.1683,1545.7635)
Rsolo
[42](0,0,0,0,0,0,0,0,0,0,112.1818,112.41767,112.1255,113.427,114.69816,115.67946,115.332,115.56314,115.74473,116.07406,116.65062,117.56335,117.7524,117.6759,116.81498,116.86053,116.55909,115.8178,115.6958,114.41595,113.18354,111.80508,110.42254,109.26182,108.6876,110.25539,111.08964,112.1059,113.11672,114.30915,115.50005,109.55066)
Rsub
[42](0,0,0,0,0,0,0,0,0,0,221.47597,223.22159,224.97105,226.69496,228.48238,230.33214,232.22811,234.09409,235.96338,237.83314,239.71189,241.61394,243.55891,245.50458,247.43544,249.30593,251.16912,253.00494,254.78828,256.55513,258.23958,259.8456,261.3663,262.80292,264.16888,265.49666,266.9022,268.34593,269.8381,271.37869,272.97826,274.63716)
Rsup
[42](0,0,0,0,0,0,0,0,0,0,16.026329,16.479435,16.280715,17.907316,19.361928,20.363279,19.284658,19.366676,19.440991,19.81878,20.866793,22.733378,22.806178,22.385103,20.621462,20.743104,20.205762,19.097213,19.062016,17.58347,16.536906,15.649752,14.986808,14.531441,14.34793,15.874834,16.641146,17.50171,18.31432,19.456085,20.74225,16.929242)
Peso chuva 
[42](2,1.1814864,0.5,0.70810619,1.924611,2,1.8745619,0.5,2,0.5,0.56064936,0.8622317,0.61629134,0.92444595,1.0011045,0.79352085,0.54469237,0.70472323,0.72571576,0.86366519,0.97070403,1.0663117,1.0169622,0.97870167,0.59707191,0.69357025,0.80308696,0.72899038,0.83663328,0.55262373,0.5,0.5,0.5,0.5,0.63831153,1.169471,0.83423457,0.76724025,0.70391172,0.70731793,0.78922523,1)
Previsao PMEDIA_ORIG
[20] (4.8,11.4,12.2,11.4,7.6,8.4,8.7,8.2,9.5,11.3,13.6,14.7,13.6,13.8,10.657143,10.657143,10.657143,10.657143,10.657143,10.657143)


Sub bacia: SMANOEL
cef: 0.93922777
*dm: 0.061071314
ebin: 654.34447
mape: 0.0060366754
somacoef: 1.9331911
supin: 1778.4667
Iteracoes: 10000
Iteracao otima: 9952
Tempo: 8.986 s

Qcal
[38](0,0,0,0,0,0,0,2432.3514,2368.2257,2316.7108,2292.2124,2257.2805,2338.5206,2434.8384,2546.9174,2588.5289,2608.4233,2634.4592,2790.0943,2868.4523,2785.8357,2723.288,2648.869,2566.8642,2524.8784,2645.9885,2677.9693,2706.5637,2640.2459,2625.0794,2701.625,2687.385,2661.2079,2651.4871,2594.3577,2605.0716,2676.1772,2705.4663)
Rsolo
[38](0,0,0,0,0,0,101.87003,99.954672,98.780521,98.593584,98.09498,100.08334,101.63895,102.93279,103.08546,102.95371,102.89688,104.33352,104.66675,102.6012,101.45735,100.12261,98.330584,97.906609,100.58371,101.28039,101.76608,99.934171,99.811934,101.31546,100.88626,100.28068,100.16164,98.828895,99.454968,100.88092,101.26152,95.391347)
Rsub
[38](0,0,0,0,0,0,82.162812,83.771814,85.19025,86.488134,87.752219,88.956625,90.314854,91.791068,93.362893,94.926892,96.457437,97.961773,99.576462,101.19968,102.61207,103.90287,105.05875,106.04483,106.9815,108.13522,109.33433,110.55999,111.60785,112.63069,113.77101,114.85779,115.87661,116.87103,117.73688,118.64451,119.66373,120.70245)
Rsup
[38](0,0,0,0,0,0,45.909475,43.911477,42.29006,41.390835,40.229225,42.078758,44.285883,47.088986,47.994742,48.226328,48.657411,53.12976,54.970748,51.551228,49.303965,47.027226,44.66291,43.376363,46.407012,47.116605,47.709515,45.426226,44.819296,46.738459,46.0124,45.083785,44.623401,42.944221,43.042786,44.691719,45.238254,42.208784)
Peso chuva 
[38](0.5,1.0089563,1.0739129,0.81494962,0.5,1.8631188,0.5,0.5,0.5,0.5,0.5,0.66342644,0.76239525,0.81228644,0.76493842,0.78466639,0.92342568,1.5964875,1.0361742,0.5724997,0.5,0.5,0.5,0.6688519,1.3084729,1.0455849,0.86554516,0.62145314,1.0094635,1.2247206,0.75849493,0.5,0.5,0.5,0.56574559,0.73523544,0.514445,1)
Previsao PMEDIA_ORIG
[20] (6.1,10.7,10.5,13.9,9.6,8.8,9.9,8,12.1,11.3,14.1,15.3,16.5,14.8,11.542857,11.542857,11.542857,11.542857,11.542857,11.542857)


Sub bacia: PIMENTALT
cef: 0.99813089
*dm: 0.0021388613
ebin: 4532.6708
mape: 0.0010397885
somacoef: 1.9970911
supin: 8098.6273
Iteracoes: 10000
Iteracao otima: 9890
Tempo: 28.709 s

Qcal
[91](0,0,0,0,0,0,0,0,0,0,0,0,0,0,0,0,0,0,0,0,0,0,0,0,0,0,0,0,0,0,0,0,0,0,0,0,0,0,0,0,0,0,0,0,0,0,0,0,0,0,0,0,0,0,0,0,0,0,0,0,11906.522,12006.419,12064.207,12088.861,12149.797,12265.592,12246.792,12341.501,12309.7,12389.129,12433.627,12548.313,12597.038,12803.801,12897.812,13031.062,13075.977,13115.637,13180.182,13292.049,13353.966,13470.598,13423.07,13505.128,13621.466,13487.794,13338.145,13176.755,13163.239,13213.743,13568.238)
Rsolo
[91](0,0,0,0,0,0,0,0,0,0,0,0,0,0,0,0,0,0,0,0,0,0,0,0,0,0,0,0,0,0,0,0,0,0,0,0,0,0,0,0,0,0,0,0,0,0,0,0,0,0,0,0,0,0,0,0,0,0,0,31.72235,31.445506,31.196657,30.972242,31.021223,31.305968,31.066023,31.340261,31.108459,31.365531,31.225366,31.366203,31.271973,31.689958,31.685732,31.813298,31.657135,31.54094,31.547435,31.704818,31.683356,31.838885,31.447779,31.590198,31.799399,31.118441,30.528594,30.009707,30.224656,30.603193,31.695745,28.006798)
Rsub
[91](0,0,0,0,0,0,0,0,0,0,0,0,0,0,0,0,0,0,0,0,0,0,0,0,0,0,0,0,0,0,0,0,0,0,0,0,0,0,0,0,0,0,0,0,0,0,0,0,0,0,0,0,0,0,0,0,0,0,0,72.368527,72.281581,72.180954,72.068419,71.945503,71.826628,71.724127,71.610268,71.51219,71.403113,71.308873,71.208387,71.116537,71.020827,70.94844,70.876702,70.812658,70.741035,70.664092,70.588423,70.522056,70.455345,70.397767,70.32003,70.250794,70.19357,70.100954,69.978877,69.831894,69.697557,69.584189,69.529476)
Rsup
[91](0,0,0,0,0,0,0,0,0,0,0,0,0,0,0,0,0,0,0,0,0,0,0,0,0,0,0,0,0,0,0,0,0,0,0,0,0,0,0,0,0,0,0,0,0,0,0,0,0,0,0,0,0,0,0,0,0,0,0,27.845688,25.289695,23.242796,21.601569,20.540612,19.992714,19.054132,18.824483,18.151163,18.106242,17.944834,18.127689,18.017301,18.600932,18.613011,18.806562,18.615931,18.465753,18.468337,18.681259,18.658116,18.882068,18.396876,18.565756,18.850753,18.055938,17.377873,16.799398,16.950155,17.322188,18.861489,16.864657)
Peso chuva 
[91](0.5,1.8044039,1.1592905,0.54174413,0.5,0.5,0.57629834,1.3707477,0.5,0.82249081,0.5,1.3827633,0.77219012,0.5,2,2,2,1.9822398,0.58766975,0.56605311,1.9747,1.9685229,0.5,0.5,2,0.5,0.89372741,1.4967044,0.85429141,0.5,2,2,0.5,2,2,2,0.5,1.8756931,2,1.8081344,0.79620613,0.59548296,0.81387507,1.4391058,0.50382913,2,1.6030115,1.3019581,0.5,0.5,0.5,0.5,1.2140219,1.8895322,1.8649193,2,0.56153883,1.9676014,0.5,1.20955,0.5,0.5,0.5,0.54832585,0.59366555,0.5,0.59132343,0.50370454,0.60001222,0.59570277,0.64818274,0.60315652,0.71998298,0.63346015,0.65273805,0.58067407,0.58552147,0.61370778,0.64437134,0.6163874,0.66473938,0.55078655,0.65715566,0.68142316,0.5,0.5,0.5,0.62993578,0.65878222,0.84622783,1)
Previsao PMEDIA_ORIG
[20] (4.6,13.4,10.4,14.5,9.1,8.5,6.8,9.1,10.1,13.6,13.6,15.3,18.5,15.6,11.65,11.65,11.65,11.65,11.65,11.65)


Sub bacia: SMESA
cef: 0.99662169
*dm: 0.0079436454
ebin: 692.1077
mape: 0.0071894736
somacoef: 1.9894322
supin: 511.09599
Iteracoes: 10000
Iteracao otima: 9883
Tempo: 7.524 s

Qcal
[34](0,0,0,1203.2037,1250.2192,1271.7135,1235.9326,1279.4905,1481.2267,1590.7402,1437.3926,1269.2013,1285.02,1183.5501,1043.1914,1031.7175,1028.2132,1095.9172,1138.1511,1064.9995,983.19164,939.92957,916.73739,861.29943,820.28758,788.15884,764.16329,745.98984,731.55807,758.02479,890.15027,940.26576,914.25398,926.29107)
Rsolo
[34](0,0,25.187502,28.360094,30.241356,30.28773,31.617606,35.115159,36.608231,33.165924,29.549543,30.311821,27.755593,24.908929,24.009198,23.557432,25.246227,26.437539,24.937742,23.497212,22.552004,21.891119,20.880713,20.030083,19.166274,18.267979,17.391435,16.566355,16.346095,18.847797,20.442674,20.404595,21.248269,19.919663)
Rsub
[34](0,0,103.32179,103.13166,103.80657,105.06372,106.32193,108.01902,111.02741,114.63104,116.79841,117.68509,118.80864,119.12925,118.69265,118.05052,117.31498,116.98121,116.95698,116.55188,115.82012,114.89781,113.85565,112.63997,111.36728,110.10897,108.86487,107.63483,106.41869,105.2163,104.02748,102.8521,101.69,100.67724)
Rsup
[34](0,0,2.3297169,2.5498319,2.6272012,2.4257165,2.5858471,3.4535976,3.8609325,3.051899,2.2190583,2.2640906,1.7672559,1.1176729,1.0787031,1.0823362,1.4134082,1.6161135,1.2834083,0.92287459,0.74801776,0.670463,0.44958273,0.29975884,0.1921674,0.1212102,0.076357639,0.048131481,0.20590763,0.84488605,1.1096254,1.0269455,1.1172973,0.70385322)
Peso chuva 
[34](1.9826569,2,2,1.2788524,1.3641949,1.2638949,0.81407686,1.1591679,1.1541366,1.0487986,0.83114825,2,2,0.5,1.4126454,0.88963455,0.92681127,0.89444317,0.83277908,0.70228267,0.72964586,0.78168221,0.5,0.5,0.5,0.5,0.84604205,0.71126811,0.6031002,1.0765879,0.94223964,1.002545,0.82630646,1)
Previsao PMEDIA_ORIG
[20] (9.3,8.8,7.3,4.9,2.6,5.2,6.5,7.5,7.9,10.1,13.8,14.1,12.9,10.9,8.7,8.7,8.7,8.7,8.7,8.7)


Sub bacia: LAJEADO
cef: 0.99730806
*dm: 0.0050295115
ebin: 887.95552
mape: 0.0042484663
somacoef: 1.9930596
supin: 3047.9022
Iteracoes: 10000
Iteracao otima: 9976
Tempo: 7.436 s

Qcal
[33](0,0,3935.8578,4204.1166,3804.0109,3519.7682,4644.6526,4496.9268,4287.0283,4024.0921,3908.1085,3549.2512,3324.3415,3049.6855,2882.0088,2723.9097,2588.0303,2456.3302,2353.6241,2209.0972,2085.2236,1962.09,1853.4603,1757.9252,1683.3178,1612.7042,1651.4031,1755.8442,1829.5102,1920.166,2143.237,2192.1019,2225.8586)
Rsolo
[33](0,116.40273,119.27079,114.95068,112.56902,119.87399,119.81946,118.97016,117.26536,117.05231,112.06891,110.11133,106.31907,104.6251,102.81531,101.14127,99.298087,97.791097,94.890028,92.247301,88.694682,84.997376,81.713791,79.458624,77.024579,77.722523,80.022223,81.786769,83.945944,88.211425,89.79998,91.08324,86.757186)
Rsub
[33](0,49.580785,50.491917,51.47233,52.321697,53.097229,54.064287,55.018502,55.937572,56.798279,57.643034,58.343175,58.983924,59.520729,60.00935,60.448285,60.84215,61.188254,61.495665,61.734396,61.912895,62.014869,62.041565,62.005047,61.927333,61.807043,61.700473,61.636598,61.606178,61.617209,61.712757,61.839886,61.992411)
Rsup
[33](0,15.354932,16.624179,14.520041,13.01143,18.608478,17.777002,16.633468,15.225907,14.56394,12.679846,11.483611,10.042119,9.1489525,8.3083841,7.5842385,6.8852146,6.3365678,5.5807242,4.9351255,4.2986899,3.7422269,3.258525,2.8859578,2.5372275,2.7430405,3.2788164,3.6556989,4.1151555,5.2379627,5.475517,5.6341084,4.9047763)
Peso chuva 
[33](2,0.5,2,0.50022301,0.5,1.5135701,0.60928229,0.7532665,0.79338265,2,0.5,2,0.52612541,0.72338159,0.5,0.51842971,0.55492194,0.74475146,0.58076644,1.1775512,0.5,0.50493135,0.71228543,1.3180431,0.5,1.2379154,1.1980274,0.61228361,0.57107823,1.4090618,0.86661356,0.55634812,1)
Previsao PMEDIA_ORIG
[20] (7.9,5.6,6.9,5.8,5,5.8,5.9,6.8,10.9,9.4,12.5,13.5,12,10.1,8.4357143,8.4357143,8.4357143,8.4357143,8.4357143,8.4357143)


Sub bacia: PORTO REAL
cef: 0.99321937
*dm: 0.010743708
ebin: 312.19025
mape: 0.0083336857
somacoef: 1.9848857
supin: 587.78658
Iteracoes: 10000
Iteracao otima: 9609
Tempo: 7.882 s

Qcal
[33](0,0,899.97684,932.24468,859.18928,826.38905,943.58844,939.78552,1018.8071,934.39458,823.47247,732.87607,737.06291,719.89438,778.49528,757.207,749.02642,708.267,766.79326,741.38044,671.95455,641.289,612.08629,587.85541,551.08106,532.39856,656.89408,833.88979,932.65423,864.47378,799.39329,749.10978,726.30702)
Rsolo
[33](0,31.310622,33.882083,31.050009,30.792706,35.49965,34.978368,37.22191,32.640843,28.359057,25.924672,27.644839,27.715161,30.914279,29.895529,29.719632,27.88509,30.847235,29.350416,26.252166,25.352955,24.606992,24.039248,23.158242,22.811492,28.375762,34.402071,36.607647,32.097859,29.266564,27.49075,26.947383,24.550287)
Rsub
[33](0,97.982272,99.592245,102.12833,103.624,105.02415,108.17392,111.09048,114.94166,116.91604,117.47467,117.37337,117.72593,118.09591,119.44656,120.45657,121.40473,121.79958,123.10476,123.92159,123.86249,123.58212,123.13024,122.55576,121.8013,121.04308,121.58088,124.18329,127.68345,129.38297,130.13496,130.36539,130.44713)
Rsup
[33](0,5.5666884,5.8237029,5.0552981,4.6995284,5.7672265,5.6361659,6.2965401,5.3808933,4.2708178,3.3959591,3.4386679,3.2654332,3.8092542,3.5668854,3.4589335,3.0443065,3.5866706,3.3066121,2.6244598,2.335822,2.0677153,1.85187,1.5209298,1.3667613,2.5686875,4.2287139,5.0855436,4.3342166,3.6665825,3.1676764,2.9447675,2.3372635)
Peso chuva 
[33](1.8040835,2,1.1366844,0.86867514,0.72260331,1.0346225,0.67007078,1.2115491,0.8862969,0.5,0.5,1.3307464,0.73340594,0.96070619,0.7205919,0.94395196,0.58707711,1.3676593,1.2030648,0.57108816,1.942842,2,2,0.5,0.5,0.94462081,1.3325176,0.99045547,0.55327988,0.62040255,0.5,0.5,1)
Previsao PMEDIA_ORIG
[20] (6.7,6.2,8.6,8.1,8.2,5.2,5.7,8.1,11.2,11.8,14.8,13.6,15,13.9,9.7928571,9.7928571,9.7928571,9.7928571,9.7928571,9.7928571)


Sub bacia: ESTREITO
cef: 0.9952022
*dm: 0.015393742
ebin: 536.26415
mape: 0.014626974
somacoef: 1.9805752
supin: 659.32675
Iteracoes: 10000
Iteracao otima: 9406
Tempo: 7.711 s

Qcal
[34](0,0,0,1195.5909,1090.2585,1049.5979,1089.4688,1111.011,1045.1396,976.80917,916.58839,868.19424,826.12649,790.47069,755.69511,826.05738,966.4158,1050.8077,1127.1179,1177.8433,1142.4161,1053.8846,978.57181,935.78772,873.73819,886.82829,875.89008,1022.0211,1206.8338,1438.135,1652.4717,1825.2264,1889.7501,1877.9173)
Rsolo
[34](0,0,17.272053,15.364256,15.626078,18.091487,19.245591,16.839901,15.068761,13.757215,12.790476,12.015362,11.351257,10.755719,13.446246,17.644365,19.635559,20.899893,21.222844,18.958086,16.155205,14.29168,13.231827,12.009599,12.779422,12.385123,17.007427,21.404408,25.106362,27.04082,27.647957,26.577014,24.916627,18.62996)
Rsub
[34](0,0,67.76956,68.686503,69.063441,69.503532,70.652977,72.171575,72.908996,73.161346,73.104732,72.848728,72.45097,71.944929,71.352233,71.250399,72.239063,73.87513,75.957886,78.14089,79.47229,79.930245,79.9131,79.66487,79.185113,78.854714,78.452947,79.164555,81.380793,85.191266,89.929364,94.934362,99.315567,102.82222)
Rsup
[34](0,0,4.7980354,3.9787114,3.661111,3.9259161,4.0164922,3.4496862,2.90997,2.4572014,2.1082889,1.8168965,1.5803278,1.3564001,1.9025687,2.9298454,3.4870478,3.948158,4.1973606,3.8138438,3.0929158,2.5184807,2.2081208,1.7708698,1.8937554,1.8331821,2.9197386,4.2236748,5.7792727,7.1196136,8.1039378,8.2852763,7.9468766,6.3074402)
Peso chuva 
[34](0.55319003,2,1.8708827,0.58265451,0.89429889,0.99670421,0.87246617,0.52322442,0.5,0.5,0.5,0.5,0.5,0.5,1.1993995,1.1928938,1.1678762,1.3425233,1.3690134,1.138949,0.58552717,0.5,1.0258481,0.5,1.6638875,0.92719976,1.4562635,1.7165295,1.0708984,0.9575544,0.90412803,0.87768141,0.70348593,1)
Previsao PMEDIA_ORIG
[20] (6.6,15.2,10.2,8.8,9.2,5.2,5.7,10,11.9,13.3,14.3,16.8,16.5,13.7,11.242857,11.242857,11.242857,11.242857,11.242857,11.242857)


Sub bacia: BANDEIRANT
cef: 0.97411303
*dm: 0.056330861
ebin: 539.84
mape: 0.050030298
somacoef: 1.9240827
supin: 2066.4841
Iteracoes: 10000
Iteracao otima: 9682
Tempo: 11.603 s

Qcal
[49](0,0,0,0,0,0,0,0,0,0,0,0,0,0,0,0,0,0,2606.3241,2528.9924,2437.6036,2354.0271,2300.3249,2214.9328,2132.9582,2309.2288,2237.8182,2428.9399,2366.1126,2389.0093,2315.1728,2565.4157,2498.2899,2414.3112,2328.2649,2244.3512,2145.5952,2050.9375,1962.2251,1877.882,1794.7324,1719.1653,1647.4281,1581.3838,1516.2483,1458.8887,1407.0776,1355.3201,1308.3461)
Rsolo
[49](0,0,0,0,0,0,0,0,0,0,0,0,0,0,0,0,0,14.488485,12.220725,10.771224,10.151391,10.578621,9.5218848,8.8393224,13.972508,11.26363,15.436114,11.970271,12.935696,10.710689,15.733989,12.101445,10.23245,9.0538671,8.2349323,7.4673993,6.8756479,6.4153836,6.0339406,5.680875,5.4067849,5.1638883,4.9634202,4.7587381,4.6096478,4.4759151,4.317444,4.1726808,3.7154848)
Rsub
[49](0,0,0,0,0,0,0,0,0,0,0,0,0,0,0,0,0,52.743986,55.204446,56.594291,57.41489,58.016875,58.756626,59.148256,59.340821,61.480839,62.433562,65.302796,66.493517,68.081963,68.771205,71.745195,72.92748,73.407484,73.522714,73.420974,73.143503,72.749367,72.276383,71.746207,71.169433,70.561682,69.930046,69.281812,68.618407,67.960985,67.30986,66.664974,66.026267)
Rsup
[49](0,0,0,0,0,0,0,0,0,0,0,0,0,0,0,0,0,23.307043,22.15082,20.959642,19.922289,19.247111,18.198613,17.228846,19.194702,18.142251,20.187856,19.148035,19.268824,18.252685,20.99551,19.895115,18.811472,17.78558,16.82585,15.723765,14.68819,13.733137,12.836465,11.959856,11.174147,10.435208,9.7632358,9.1034297,8.5330757,8.0246103,7.5160222,7.0606664,6.4746596)
Peso chuva 
[49](1.984596,0.5,0.82824331,2,0.5,0.99517557,0.5,2,2,2,2,2,1.8751778,1.8131606,0.57968742,0.91472505,0.5,0.5,0.5,0.5,0.5,0.63930348,0.5,0.5,1.1994714,0.51932399,1.3601038,0.56915822,0.88052497,0.51390395,1.474812,0.54386529,0.57976642,0.58691764,0.58760235,0.5,0.5,0.5,0.5,0.5,0.5,0.5,0.5,0.5,0.5,0.5,0.5,0.5,1)
Previsao PMEDIA_ORIG
[20] (6.3,8.3,9,7.5,3.3,4.1,5.2,9.7,9.5,8.9,11.5,11.3,13,10.9,8.4642857,8.4642857,8.4642857,8.4642857,8.4642857,8.4642857)


Sub bacia: C.ARAGUAIA
cef: 0.99705109
*dm: 0.0032227404
ebin: 1648.1761
mape: 0.0012999994
somacoef: 1.9957511
supin: 3590.7393
Iteracoes: 10000
Iteracao otima: 9899
Tempo: 28.85 s

Qcal
[91](0,0,0,0,0,0,0,0,0,0,0,0,0,0,0,0,0,0,0,0,0,0,0,0,0,0,0,0,0,0,0,0,0,0,0,0,0,0,0,0,0,0,0,0,0,0,0,0,0,0,0,0,0,0,0,0,0,0,0,0,5184.6651,5194.3627,5207.6366,5218.0018,5228.5984,5240.6765,5254.8189,5276.0312,5331.6074,5405.1564,5469.2918,5531.6926,5629.1837,5712.4811,5739.5764,5803.4839,5854.5716,5867.1758,5865.4744,5858.847,5843.9115,5826.1627,5805.3281,5780.1299,5737.2064,5712.207,5658.4077,5677.4563,5668.5404,5700.1994,5733.2816)
Rsolo
[91](0,0,0,0,0,0,0,0,0,0,0,0,0,0,0,0,0,0,0,0,0,0,0,0,0,0,0,0,0,0,0,0,0,0,0,0,0,0,0,0,0,0,0,0,0,0,0,0,0,0,0,0,0,0,0,0,0,0,0,81.41298,81.362427,81.18015,81.036179,80.939902,80.902893,80.915269,81.120939,82.057987,82.652792,82.737771,82.89214,83.663991,83.46465,82.720163,83.466181,82.762185,82.351227,81.596532,81.186832,80.429631,80.032905,79.402888,78.920953,78.311042,77.858169,77.350146,77.728264,77.709927,79.120854,79.25202,74.432036)
Rsub
[91](0,0,0,0,0,0,0,0,0,0,0,0,0,0,0,0,0,0,0,0,0,0,0,0,0,0,0,0,0,0,0,0,0,0,0,0,0,0,0,0,0,0,0,0,0,0,0,0,0,0,0,0,0,0,0,0,0,0,0,56.70429,56.608898,56.513788,56.417019,56.319177,56.220978,56.123295,56.026845,55.934451,55.856909,55.789092,55.723282,55.660502,55.610082,55.557176,55.4936,55.441972,55.380267,55.313069,55.235374,55.152474,55.059392,54.961558,54.855706,54.744109,54.62507,54.500945,54.371063,54.247856,54.125718,54.024835,53.926912)
Rsup
[91](0,0,0,0,0,0,0,0,0,0,0,0,0,0,0,0,0,0,0,0,0,0,0,0,0,0,0,0,0,0,0,0,0,0,0,0,0,0,0,0,0,0,0,0,0,0,0,0,0,0,0,0,0,0,0,0,0,0,0,11.238497,11.631897,11.528026,11.524119,11.544447,11.586218,11.631113,11.832438,12.784029,12.690095,12.524812,12.634024,13.704275,12.5408,11.670669,13.490975,11.805389,11.856197,11.383271,11.579633,11.177269,11.380029,11.129902,11.167864,11.00248,11.018491,10.942974,11.495261,11.355782,12.731939,11.78692,9.806038)
Peso chuva 
[91](1.5518544,0.5,0.80861154,1.7175833,2,0.59180908,0.60399581,2,0.83958537,0.58234278,2,2,0.5,1.0193449,1.1937776,0.65252094,0.50285443,0.5,1.7350096,0.72452767,1.0051452,0.93276392,2,1.1180515,0.5,0.5,0.50695946,0.5,1.9305388,1.6239088,2,0.5,0.5332146,1.6852032,2,1.7830165,1.2822859,0.56974463,1.9316266,0.64713891,1.6139443,1.9877944,1.4418904,2,0.95260019,1.9531922,0.90259577,1.3406746,0.5,0.5,2,0.5,1.0134076,2,1.7549359,0.5,0.5,1.5013541,2,2,0.5,0.5,0.5,0.5,0.5,0.51351938,0.54994863,0.67233696,0.64338807,0.6286358,0.63520985,0.74599868,0.58882561,0.5,0.74106206,0.5,0.53525411,0.5,0.55770531,0.5,0.56508303,0.5232355,0.55477916,0.5383319,0.56702969,0.54489151,0.66793022,0.60580441,0.83837711,0.65045985,1)
Previsao PMEDIA_ORIG
[20] (8.6,9.7,10.9,9.8,8.7,7.1,7.4,8.6,12.7,14.3,15.9,15.6,17,14,11.45,11.45,11.45,11.45,11.45,11.45)


Sub bacia: TUCURUI
cef: 0.98379702
*dm: 0.024315901
ebin: 1733.7322
mape: 0.018130818
somacoef: 1.9656662
supin: 1932.6072
Iteracoes: 10000
Iteracao otima: 9992
Tempo: 8.052 s

Qcal
[35](0,0,0,0,3666.3394,3502.4205,3530.8365,3446.7726,3462.5609,3412.9693,3510.4394,3524.1589,3719.8359,3921.3001,4041.2372,4229.757,4376.1123,4436.8271,4265.2488,4149.0422,3980.3445,3879.1787,3810.6305,3963.7926,3741.3504,3602.4033,3428.0504,3254.1498,3089.0151,3615.618,4011.2271,4540.3824,4883.7216,5506.4883,5886.5112)
Rsolo
[35](0,0,0,83.46558,81.414142,82.147913,81.233481,81.756186,81.322904,82.714828,83.081813,85.210349,87.187851,88.054873,89.381774,90.304633,90.531336,88.503084,87.102137,85.073152,83.865391,83.12068,84.786607,81.415189,79.754742,77.287433,74.548932,71.768448,77.64581,81.983283,86.565925,89.496762,93.25152,95.366712,89.360445)
Rsub
[35](0,0,0,29.985847,30.093958,30.128034,30.185866,30.210718,30.252397,30.277996,30.35016,30.432537,30.586959,30.80773,31.053006,31.339682,31.651727,31.96184,32.184509,32.347717,32.432006,32.470754,32.482242,32.551758,32.502147,32.398852,32.219391,31.961235,31.629679,31.4878,31.4937,31.660847,31.931172,32.338167,32.816644)
Rsup
[35](0,0,0,9.9439132,9.0683326,9.2044055,8.7546635,8.8285061,8.5609415,9.0548424,9.1039656,10.086283,11.076944,11.628382,12.525412,13.193174,13.41274,12.437655,11.77349,10.85693,10.311323,9.9470923,10.731745,9.5665248,8.8663539,7.9999799,7.1585912,6.385718,9.1939026,11.271653,13.99258,15.709449,18.833373,20.667639,18.301159)
Peso chuva 
[35](1.3367279,1.9553241,1.9645702,0.86644103,0.73969451,0.96871846,0.5,0.94190969,0.82976703,1.086099,1.2884431,0.67501441,0.65079404,0.76438188,0.98719829,1.100442,1.3367118,0.5,0.5,0.5,1.0159288,0.67005514,0.84416307,0.5,0.7530739,0.5,0.5,0.5,1.0728347,0.58956424,0.88578095,0.90431077,0.5,0.5,1)
Previsao PMEDIA_ORIG
[20] (6,11.3,11.6,9.9,10.4,7.7,6.9,10.5,10.1,11.5,11.6,13,15,13.4,10.635714,10.635714,10.635714,10.635714,10.635714,10.635714)


Tempo de execucao em: 281 s

Finalizando execucao: 23-02-2023 14:15:16

