-50.35 -19.89      0      0      0      0      0      0      0      0      0      0      0      0      0      0      0      0      0    0.2    0.6      0      1   18.5    9.5      0      0    3.3    0.7    0.2    0.1    4.5      0      0      0    1.7    0.4      0      0    0.1    0.4      2    0.1      0      0      0      0      0      0      0      0      0      0      0      0      0      0      0      0      0      0      0
-44.63 -21.28      0      0    0.3    0.7    0.2      0      0      0      0      0      0      0      0      0    0.2    1.1      0    0.7    3.1    0.4      0    1.8    3.5    0.2      0    0.9    5.9   17.8    1.8    4.1    0.9      0    0.4    0.6      2    1.2    0.1      0    1.5    2.7    0.6    0.1    0.7    0.3      0      0      0      0      0      0      0      0      0      0      0      0      0      0      0      0
-48.16 -20.25      0      0      0      0      0      0      0      0      0      0      0      0      0      0      0      0      0      0    0.6      0      0    8.8   11.7      0      0    8.9      2    0.5    0.2    7.4    0.1      0      0      0    0.1      0      0      0    0.5    1.7      0      0      0      0      0      0      0      0      0      0      0      0      0      0      0      0      0      0      0      0
-46.95  -21.6      0      0      0      0      0      0      0      0      0      0      0      0    0.1      0      0    0.1      0    0.2    5.4    0.1      0    9.9   14.9      0      0   14.1    1.8    0.7    0.5    6.5      0      0      0      0    0.8    0.3      0      0    3.4    3.1      0      0    0.1      0      0      0      0      0      0      0      0      0      0      0      0      0      0      0      0      0
-45.04 -21.14      0      0      0    0.1    0.1      0      0      0      0      0      0      0      0      0    0.3    0.9      0    0.1    0.8    0.1      0    1.2    3.8      0      0    0.6    5.6   15.9    0.6   10.2    0.4      0    0.1    0.2    1.4    0.7    0.1      0    0.2    0.6    0.2      0    0.2    0.2      0      0      0      0      0      0      0      0      0      0      0      0      0      0      0      0
-46.32 -20.67      0      0      0      0      0      0      0      0      0      0      0      0      0      0      0    0.6      0      0    2.2    0.1      0    3.6   11.4      0      0    5.5    2.8    8.9    0.8    8.8    0.2      0      0      0    0.9      1    0.1      0    0.9    1.4      0      0    0.1      0      0      0      0      0      0      0      0      0      0      0      0      0      0      0      0      0
-49.18  -20.3      0      0      0      0      0      0      0      0      0      0      0      0      0      0      0      0      0    0.2    0.9      0      0   15.3   11.6      0      0    8.3    1.7    0.3    0.2    6.4      0      0      0    0.2    0.3      0      0      0      1    2.5    0.1      0      0      0      0      0      0      0      0      0      0      0      0      0      0      0      0      0      0      0
-45.67 -21.59      0      0    0.3    0.3    0.1      0      0      0      0      0      0      0    0.1    0.1      0    1.2      0    1.6      5    0.2      0    3.5   10.3      0      0   10.6    2.1    2.9    1.9    1.9    0.1      0    0.1    0.1    0.7    0.3    0.1      0    7.9    3.5      0      0    0.3    0.1      0      0      0      0      0      0      0      0      0      0      0      0      0      0      0      0
-48.18 -21.02      0      0      0      0      0      0      0      0      0      0      0      0    0.1      0      0      0      0    2.2    2.9    0.2      0   14.6   11.3      0      0    9.4      1      1    0.8    4.7      0      0      0      0    0.3      0      0    0.6   11.2    8.6    0.8    0.1    0.2      0      0      0      0      0      0      0      0      0      0      0      0      0      0      0      0      0
-45.49 -21.61      0      0      0    0.2    0.1      0      0      0      0      0      0      0      0      0    0.1    2.2      0    0.1    4.8    0.2      0    2.8   10.4      0      0    2.9    3.2    3.6      2    2.6    0.2      0      0      0    0.5    0.7    0.1      0      4    2.3    0.1      0    0.1    0.1      0      0      0      0      0      0      0      0      0      0      0      0      0      0      0      0
-48.55    -20      0      0      0      0      0      0      0      0      0      0      0      0      0      0      0      0      0      0    1.8      0      0    9.2   17.1      0      0      6    3.3    1.6    0.3    6.4    0.1      0      0    0.2    0.2    0.3      0      0    0.1    0.4      0      0      0      0      0      0      0      0      0      0      0      0      0      0      0      0      0      0      0      0
-51.65    -26    0.4    0.2    1.2    0.4    0.1      1    1.1    0.1    0.2    0.4    1.1      2    3.6    3.5    0.1    0.3    1.6   23.8   10.5    0.2   18.3    0.5    0.3      0    2.3      0      0    0.2    0.1    0.7      0      0    0.8    0.8    0.3    0.1    1.8     23      0      0     11    0.7    0.1      0      0      0      0      0      0      0      0      0      0      0      0      0      0      0      0      0
   -52 -25.78    0.9    0.2    0.7    0.7    0.1      2    1.1    0.1    0.1    0.4    1.2      1    3.5    2.9      0    0.3    4.4   18.8    8.6    0.8   24.4    0.6    0.2      0    4.6    0.1      0    0.1    0.4    1.4      0      0    0.1    0.2      0      0    3.4   30.5      0      0    8.9    0.6      0      0      0      0      0      0      0      0      0      0      0      0      0      0      0      0      0      0
-53.48 -25.53    1.9    0.3    0.6    1.1    0.1    2.2      1      0    0.1    0.5    1.5    2.2    3.9    2.3      0    0.2    2.5   16.5    3.3    3.3   28.6    0.6    0.1      0    3.3    0.1      0    0.1    0.3    1.4      0      0      0      0      0      0   11.8     32      0      0    9.6    0.5      0      0      0      0      0      0      0      0      0      0      0      0      0      0      0      0      0      0
-51.74 -25.49    0.3    0.1    0.7    0.9      0    0.9    1.1      0    0.1    0.3    0.3    0.7      2      2      0    0.3    4.3   21.6    5.6      0   22.6    2.2    0.5      0    5.2    0.7      0    0.1    0.1    0.9      0      0    0.1    0.3      0      0    5.8   31.9      0      0    9.3      1      0      0      0      0      0      0      0      0      0      0      0      0      0      0      0      0      0      0
-51.08 -26.23    0.2    0.1    1.2    0.3    0.2    0.7      1    0.1    0.1    0.2    0.8    1.1    1.8    1.5      0    0.1    2.1   16.2   11.6      0   11.4    4.3      1      0    1.7      0      0    0.2    0.1    0.4      0      0    1.6    1.1    0.8    0.5    0.8   17.6    0.6      0   15.7    0.9    0.1      0      0      0      0      0      0      0      0      0      0      0      0      0      0      0      0      0
-53.74 -24.19    0.1      0    0.4    0.4      0    0.7    0.9      0    0.3    0.3    0.7    1.6    1.1    2.7      0    0.1    1.2    9.4    1.2    1.2     25    3.7    0.2      0    2.5    0.1      0    0.5    0.2    0.9      0      0    0.1    0.1      0      0    9.5     25      0      0    9.9    0.3      0      0      0      0      0      0      0      0      0      0      0      0      0      0      0      0      0      0
-54.56 -22.97      0      0    0.3    0.2      0    0.1    0.2      0      0    0.1    0.3    0.6      1    0.9      0      0    7.4    0.6      0    1.1     30    9.1    0.1      0    0.3      0      0      0      0    2.3      0      0    0.1      0      0      0    4.7   11.7      0      0   14.8      0      0      0      0      0      0      0      0      0      0      0      0      0      0      0      0      0      0      0
-54.58 -25.42    0.2      0    0.2    0.1      0    0.6    0.4      0    0.2    0.3    0.8    1.1    1.2    1.5      0    0.1    2.7    0.6      0    3.6     22    4.4    0.3      0    2.3    0.2      0    0.2    0.5    3.8      0      0    0.3    0.1      0      0    7.9   19.6      0      0    9.8    0.4      0      0      0      0      0      0      0      0      0      0      0      0      0      0      0      0      0      0
-53.53 -22.38      0      0      0    0.1      0      0      0      0    0.1      0    0.1    0.3    0.4    0.3      0      0    4.5    0.3      0    1.7     21   15.5    1.5      0    1.4    2.3      0    0.1    0.2    2.3      0      0    0.7    0.5      0      0    5.9   15.9      0    0.1     11    0.3    0.1      0      0      0      0      0      0      0      0      0      0      0      0      0      0      0      0      0
-53.17 -23.18      0      0    0.3    0.1      0    0.3    0.7      0      0    0.1    0.3    0.9    0.9    1.8      0      0    1.7    9.4      1      0     24    7.9    0.6      0    2.8    1.3      0    1.2    0.6    1.4      0      0    0.1    0.2      0      0    3.6     24      0      0   12.9    0.9      0      0      0      0      0      0      0      0      0      0      0      0      0      0      0      0      0      0
-48.54 -17.99      0      0      0      0      0      0      0      0      0      0      0      0      0      0      0      0      0      0      0      0      0    0.3    6.3    0.1    0.5    3.7    0.3    3.1    0.4    4.1    0.2    0.1      0    6.3    6.4    0.8    0.1      0      0      0    0.7      0      0      0      0      0      0      0      0      0      0      0      0      0      0      0      0      0      0      0
-48.67 -16.15      0      0      0      0      0      0      0      0      0      0      0      0      0      0      0      0      0      0    0.1    0.1      0      0    3.5    0.3    0.7    2.6    0.2    4.3    0.3    0.2      1    0.2      0    8.3    7.4      1    0.2      0      0      0      1      0      0      0      0      0      0      0      0      0      0      0      0      0      0      0      0      0      0      0
-47.98 -18.45      0      0      0      0      0      0      0      0      0      0      0      0      0      0      0      0      0      0      0      0      0    0.2     10      0    0.6      5    1.5    4.9    0.9    5.4    0.1      0      0    1.1    5.7    0.7      0      0      0      0    0.1      0      0      0      0      0      0      0      0      0      0      0      0      0      0      0      0      0      0      0
 -49.1 -18.42      0      0      0      0      0      0      0      0      0      0      0      0      0      0      0      0      0      0    0.3      0      0      2   14.2      0    0.3    5.6    1.6    0.9    0.5    6.2      0      0      0    3.1    6.6      0    0.1      0      0      0      0      0      0      0      0      0      0      0      0      0      0      0      0      0      0      0      0      0      0      0
 -47.7 -19.13      0      0      0      0      0      0      0      0      0      0      0      0      0      0      0      0      0      0      1    0.1      0    0.8   11.2      0    0.3    7.5    2.1      6    2.5    4.4      0      0      0    0.8    2.7    1.1      0      0    0.1    0.1      0      0      0      0      0      0      0      0      0      0      0      0      0      0      0      0      0      0      0      0
-50.16 -18.07      0      0      0      0      0      0      0      0      0      0      0      0      0      0      0      0      0      0    0.4      0      0    2.8   12.7      0      0    0.8    0.3    0.4    0.2    9.2    0.1      0      0   16.1    6.4    0.3      0      0      0      0      0      0      0      0      0      0      0      0      0      0      0      0      0      0      0      0      0      0      0      0
-47.68 -18.05      0      0      0      0      0      0      0      0      0      0      0      0      0      0      0      0      0      0      0      0      0    0.1    2.6    0.2    1.3    2.4    0.7    8.6    0.6    4.6    0.4      0      0    4.1    6.7    0.6    0.1      0      0    0.2    1.1      0      0      0      0      0      0      0      0      0      0      0      0      0      0      0      0      0      0      0
 -50.5 -19.02      0      0      0      0      0      0      0      0      0      0      0      0      0      0      0      0      0      0    0.3      0      0    3.7   13.9      0    0.1    4.2      1    0.3    0.3    5.5      0      0      0    8.3    4.1    0.1      0      0      0    0.3      0      0      0      0      0      0      0      0      0      0      0      0      0      0      0      0      0      0      0      0
-50.52 -22.94      0      0      0      0      0      0      0      0      0      0      0      0    0.3    0.2      0      0    1.8   15.9    4.3      0    5.5   16.2    5.1      0    2.5    4.9    0.2    0.2    0.1      5      0      0      0    0.1      0      0      0   20.7    9.2    0.3    4.7    0.6    0.2      0      0      0      0      0      0      0      0      0      0      0      0      0      0      0      0      0
-51.33 -22.65      0      0    0.1      0      0      0    0.2      0      0      0    0.1    0.1    0.2    0.2      0      0    4.2   20.6    2.7      0   14.1   18.8    2.2      0    1.6    0.7      0    0.5    0.3      5      0      0      0    0.4      0      0    0.7     25    0.3    0.1   12.3    2.2      0      0      0      0      0      0      0      0      0      0      0      0      0      0      0      0      0      0
-49.73 -23.01      0      0    0.2    0.1      0      0    0.3      0      0      0    0.1    0.2    0.3    0.2      0      0    4.3   13.9      5      0   11.7   10.2    2.9      0    1.1    1.6    0.2    0.2    0.1    1.7      0      0    0.3    0.3    0.2      0    0.6   26.6    1.3      0   10.2    2.6      0      0      0      0      0      0      0      0      0      0      0      0      0      0      0      0      0      0
-49.23 -23.22      0      0    0.5    0.3    0.1      0    0.1      0      0      0      0      0    0.1    0.1    0.1    0.1    2.9     21    8.8      0    6.2   10.1    3.3      0    1.6    4.4    0.6    0.6      0    0.8      0    0.1    1.1    0.6    0.5    0.1    0.1   20.5    8.8    0.7    8.1    2.5    0.2      0      0      0      0      0      0      0      0      0      0      0      0      0      0      0      0      0
-50.71 -24.06      0      0    0.7    0.2      0    0.3    0.8      0      0    0.2    0.2    0.8    0.9    1.1      0      0    0.5   11.4    3.6      0   14.5    7.7    1.5      0    1.8    1.2      0    0.2    0.1    0.6      0      0    0.2    0.4    0.1      0    1.8   21.1    0.1      0   12.3    1.6      0      0      0      0      0      0      0      0      0      0      0      0      0      0      0      0      0      0
-52.87  -22.5      0      0      0      0      0      0    0.1      0    0.1      0      0    0.1    0.2    0.1      0      0    3.3    5.8    0.6      0   15.6   21.2    1.7      0    1.8      1      0    1.2    1.3   11.1      0      0      0    0.3      0      0    1.2     26      0      0   11.8    5.8      0      0      0      0      0      0      0      0      0      0      0      0      0      0      0      0      0      0
-47.33 -16.21      0      0      0      0      0      0      0      0      0      0      0      0      0      0      0      0      0      0      0      0      0      0      0    0.5    0.2    0.2    1.2    4.7    0.2    0.5      0    0.3      0   12.3    5.5    2.6    0.2      0      0    0.4    1.7      0      0      0      0      0      0      0      0      0      0      0      0      0      0      0      0      0      0      0
-44.76 -18.95      0      0      0    0.1      0      0      0      0      0      0      0      0      0      0    0.9    0.2      0      0      0      0      0      0    2.1    0.1      0    0.1    3.2    6.4    1.6    5.5    1.1      0      0      0    2.6    1.7    0.1      0      0    0.2    0.1      0      0    0.1      0      0      0      0      0      0      0      0      0      0      0      0      0      0      0      0
-44.86 -15.93      0      0      0      0      0      0      0      0      0      0      0      0      0      0      0      0      0      0      0      0      0      0      0    0.3      2      0    0.2    0.4      0    0.1      0    0.2    0.1    5.7    6.4      2      0      0      0    0.1    0.4      0      0      0      0      0      0      0      0      0      0      0      0      0      0      0      0      0      0      0
-45.07 -16.37      0      0      0      0      0      0      0      0      0      0      0      0      0      0    0.5    0.1      0      0      0      0      0      0    1.5    0.1    0.9    0.3    1.2    2.9    0.3      4    0.6    0.1      0    1.5    3.4      2    0.1      0      0    0.1    0.6      0      0      0      0      0      0      0      0      0      0      0      0      0      0      0      0      0      0      0
-45.27 -18.16      0      0      0      0      0      0      0      0      0      0      0      0      0      0    0.1    0.1      0      0    0.2      0      0    0.1    6.4      0    0.3      3      2    8.9      2    7.6    0.3      0      0    0.1    3.6    1.8      0      0      0    0.2      0      0      0      0      0      0      0      0      0      0      0      0      0      0      0      0      0      0      0      0
-43.83 -11.35      0      0      0      0      0      0      0      0      0      0      0      0      0      0      0      0    0.1      0      0      0      0      0      0      0    0.1      0      0      0      0      0      0      0    2.7    0.1    0.2      0      0      0      0      0      0      0      0      0      0      0      0      0      0      0      0      0      0      0      0      0      0      0      0      0
-48.55 -22.52      0      0    0.2    0.2      0      0    0.1      0      0      0      0      0    0.1      0      0      0    0.3   10.9      7    0.1    0.4   11.3    7.3      0    0.1   11.9    0.5    2.4    0.3    0.9    0.1      0    0.3    0.2    0.1      0      0    5.8     18    4.7      1      3    0.5      0      0      0      0      0      0      0      0      0      0      0      0      0      0      0      0      0
-46.91 -23.46      0      0    4.1    1.8    0.3      0    0.3      0      0      0      0    0.1    0.1    0.1    0.3    0.2      1     18    5.7    0.4      0      5    4.4      0      0   12.9    4.1    8.5    0.3    0.5    0.4    0.2    1.9      1      1    0.2      0    2.2   18.2    6.4    1.9    3.9    0.4    0.1      0      0      0      0      0      0      0      0      0      0      0      0      0      0      0      0
-48.99 -21.76      0      0      0      0      0      0      0      0      0      0      0      0    0.2    0.1      0      0      0   10.3      6    0.1    3.4   23.1    6.5      0    0.4    8.5    0.4    0.1    0.5    3.2      0      0      0      0    0.2      0      0    6.1   12.6    7.5    1.6    0.1    0.4      0      0      0      0      0      0      0      0      0      0      0      0      0      0      0      0      0
 -50.2 -21.12      0      0      0      0      0      0      0      0      0      0      0      0    0.2      0      0      0      0    2.3      2      0    6.7   12.4   11.1      0      0      5    0.4      0    0.8    5.8      0      0      0    0.1    0.2      0      0    3.8    3.9    5.1    0.8      0    0.1      0      0      0      0      0      0      0      0      0      0      0      0      0      0      0      0      0
 -48.3  -13.4      0      0      0      0      0      0      0      0      0      0      0      0      0      0      0      0      0      0    0.1      0      0    0.1    3.6    0.1    0.1    0.3    0.1    0.6    0.2    0.2    0.2    0.1    1.7   14.2    8.5    1.3      0      0      0      0    0.4      0      0      0      0      0      0      0      0      0      0      0      0      0      0      0      0      0      0      0
 -51.2 -27.78   29.1    9.1    0.4    0.4    0.2    5.2    1.2    0.1    0.5    1.3    2.7    1.1    2.1    4.3    0.1    1.7    6.8      6      6    0.9     29    1.3    0.4      0      0      0      0    0.1      0    0.7      0    0.1    0.2    0.2    0.2    0.4    6.6   30.6      0      0   14.2    0.7      0      0      0      0      0      0      0      0      0      0      0      0      0      0      0      0      0      0
-51.33  -27.6   10.5    4.1    0.8    0.3    0.2    2.9    1.3    0.1    0.3    0.3    0.9    0.8      1      3    0.2    0.9    5.1    9.6   11.1    0.6   26.1    0.6    0.2      0    0.2      0      0      0      0    0.7      0      0    0.3    0.7    0.8    0.9    5.6   26.1      0      0     17    0.9    0.1      0      0      0      0      0      0      0      0      0      0      0      0      0      0      0      0      0
-53.04 -27.14   31.3    5.6    0.3    0.5    0.5    6.9    1.2    0.2    0.9    1.7    4.2    1.5    5.3    6.8    0.1    1.1    5.5     18    2.8    1.2   35.9    0.6    0.1      0    0.3      0      0      0      0    0.9      0      0      0      0      0      0   20.6   25.2      0      0   10.4    0.2      0      0      0      0      0      0      0      0      0      0      0      0      0      0      0      0      0      0
-52.38 -27.27   15.6    4.5    0.4    0.4    0.3    5.1    1.4    0.3    0.7    1.4      3    1.5    5.3    5.9    0.2    0.3    4.9   14.8    7.1    1.8   29.6    0.7    0.2      0    0.5      0      0      0      0    0.8      0      0    0.2    0.2    0.1    0.1    8.3   23.4      0      0   11.1    0.6      0      0      0      0      0      0      0      0      0      0      0      0      0      0      0      0      0      0
-51.78 -27.52   35.8   11.2    0.2    0.2    0.3    6.6    1.4    0.4    0.5    1.6    4.5    1.3    3.4    7.3      0    0.7    8.2   11.2    2.9    5.8   29.3    1.2    0.1      0      0      0      0      0      0    0.6      0      0      0    0.1      0      0   13.3   26.3      0      0   11.9    0.2      0      0      0      0      0      0      0      0      0      0      0      0      0      0      0      0      0      0
-52.73 -27.35   23.6    5.1    0.1    0.2    0.7    7.2    0.8    0.5    1.5    3.6    5.2    1.4    4.4    7.9      0      2    3.3      9    2.5    8.4     32    0.7    0.2      0      0      0      0      0      0    0.6      0      0      0    0.1      0      0   19.9   24.8      0      0    7.2    0.4      0      0      0      0      0      0      0      0      0      0      0      0      0      0      0      0      0      0
-52.54 -26.66    2.7    0.7    0.5    0.7    0.1    3.2      1    0.1    0.2    0.2    1.5    1.6    2.8    3.3    0.1      0    7.7   14.4    6.7    1.7   30.5    0.7    0.2      0    1.5      0      0      0    0.1    1.4      0      0      0    0.1      0      0    4.6   20.8      0      0    9.8    0.8      0      0      0      0      0      0      0      0      0      0      0      0      0      0      0      0      0      0
-55.05 -28.14    8.5    4.4    0.1    0.1    1.7    7.4    0.7    3.6    4.5   13.1   11.1      7      7   11.5    1.2   11.8    3.2    0.1    0.2    8.1   26.7      1    0.2      0      0      0      0      0      0      0      0      0      0      0      0      0   11.5   13.3      0      0    2.4      0      0      0    0.3      0      0      0      0      0      0      0      0      0      0      0      0      0      0      0
-51.87 -18.68      0      0      0      0      0      0      0      0      0      0      0      0      0      0      0      0      0    0.1    0.2      0    0.1    9.9   17.4      0      0    0.6    0.2    0.5    0.5    3.8      0      0    5.1   22.6    0.1    0.1      0    0.5   11.7      0    0.1      0      0      0      0      0      0      0      0      0      0      0      0      0      0      0      0      0      0      0
-50.76 -19.16      0      0      0      0      0      0      0      0      0      0      0      0      0      0      0      0      0    0.1    0.1      0      0    3.1    9.4      0      0    0.4    0.2    0.1    0.2    4.5      0      0      5   23.5    0.3    0.2      0    0.3      5      0    0.1      0      0      0      0      0      0      0      0      0      0      0      0      0      0      0      0      0      0      0
-50.64 -19.12      0      0      0      0      0      0      0      0      0      0      0      0      0      0      0      0      0      0    1.5      0      0    1.7    7.8      0      0    0.4    0.4    0.1    0.1    4.3      0      0    1.7   20.2    0.8    0.3      0      0    0.6    0.1    0.1      0      0      0      0      0      0      0      0      0      0      0      0      0      0      0      0      0      0      0
-51.35  -20.4      0      0      0      0      0      0      0      0      0      0      0      0      0      0      0      0      0      1    0.4      0    5.1   13.5    7.7      0      0    2.5      0      0    0.1    3.9    0.1      0    1.3      7      1      0      0    3.4    3.2    0.1      0      0      0      0      0      0      0      0      0      0      0      0      0      0      0      0      0      0      0      0
-51.63 -20.86      0      0      0      0      0      0      0      0      0      0      0      0      0      0      0      0    0.1    2.2    0.5      0    1.8   13.1      9      0      0    1.8      0    0.1    0.2    4.6    0.1      0    4.2    9.2    0.8      0      0   12.7      4      0      0      0      0      0      0      0      0      0      0      0      0      0      0      0      0      0      0      0      0      0
-53.18 -20.06      0      0      0      0      0      0      0      0      0      0      0      0      0      0      0      0    0.2    2.5    1.8      0    4.6   12.5    7.5      0      0    2.2      0      0    0.1    2.6    0.1      0    4.7    6.4    0.4      0    0.1     23      1      0      0      0      0      0      0      0      0      0      0      0      0      0      0      0      0      0      0      0      0      0
-52.87 -21.66      0      0      0      0      0      0      0      0    0.1      0      0    0.1    0.2    0.2      0      0    3.2      8    0.4      0    8.5   18.9    3.1      0    0.1    2.3      0    0.1      0    3.8      0      0    2.5      1      0      0    3.5     19    1.7    2.8    1.6    0.3    0.1      0      0      0      0      0      0      0      0      0      0      0      0      0      0      0      0      0
-52.91 -22.46      0      0      0      0      0      0      0      0      0      0      0    0.1    0.2    0.2      0      0    1.5    6.9    1.5      0      6   10.8    7.3      0    0.2    1.6      0    0.2    1.3    5.3      0      0    0.3    2.1    0.1      0    0.1     21    1.3      1    2.5    0.6    0.1      0      0      0      0      0      0      0      0      0      0      0      0      0      0      0      0      0
 -50.8 -13.69      0      0      0      0      0      0      0      0      0      0      0      0      0      0      0      0      0      0      0      0    0.1    0.7   11.6      0      0    0.1    0.2    0.2    0.1    2.8      0      0    0.3    9.3    6.8    0.2      0      0    0.4      0      0      0      0      0      0      0      0      0      0      0      0      0      0      0      0      0      0      0      0      0
-49.26  -8.27      0      0      0      0      0      0      0      0      0      0      0      0      0      0      0      0    0.1    0.1    0.1    0.2    0.1    0.1    3.1    0.1    1.1    0.7    0.6    0.1    0.1    0.9    0.1      0    1.3    8.2    2.2    0.2      0      0      0      0      0      0      0      0      0      0      0      0      0      0      0      0      0      0      0      0      0      0      0      0
-48.37  -9.76      0      0      0      0      0      0      0      0      0      0      0      0      0      0      0      0    0.1    0.1    0.1      0      0      0      0      0    0.1    0.2    0.2      0      0      0      0    0.2    2.6    9.4    2.5    0.3      0      0      0      0    0.1      0      0      0      0      0      0      0      0      0      0      0      0      0      0      0      0      0      0      0
-47.39  -9.31      0      0      0      0      0      0      0      0      0      0      0      0      0      0      0      0    0.3      0      0      0      0      0      0      0    0.8    0.3    0.1      0      0      0      0      0    0.1    0.9      0      0      0      0      0      0      0      0      0      0      0      0      0      0      0      0      0      0      0      0      0      0      0      0      0      0
-47.48  -7.33      0    0.3      0      0      0      0      0      0      0      0      0      0      0      0      0    0.4      0      0      0    0.4      0      0      0    0.1   15.9    0.5    0.2      0      0      0      0      0      0    0.1      0      0      0      0      0      0      0      0      0      0      0      0      0      0      0      0      0      0      0      0      0      0      0      0      0      0
-49.65  -3.83      0    1.3    0.4    0.1    0.1    0.2    0.2    0.2    0.1    0.1    0.1    0.1    0.1    0.1    0.2    0.4    1.3    2.3      1    0.9    2.6    0.4    0.2    0.6   11.6    7.8    0.4    0.2      0    0.1      0    0.1    0.1    3.4    3.1    0.1    0.1      0      0      0      0      0      0    0.1    0.2      0      0      0      0      0      0      0      0      0      0      0      0      0      0      0
-51.67 -29.07   21.7   10.2    0.3    0.4    0.8    6.3      1    0.9    2.1    3.5    6.3    1.3    8.1    7.1    0.2    1.9   11.4    2.8    1.9    1.7     37      1    0.5      0      0      0      0      0      0    0.5      0      0      0      0      0      0    9.6   31.2      0      0    9.5    0.6      0      0    0.4      0      0      0      0      0      0      0      0      0      0      0      0      0      0      0
-51.39 -29.01   17.2   13.9    0.6    0.7    0.7    5.8    1.1    0.6      2    3.2      5    0.9    7.5    6.8    0.3    1.5   13.4    2.1    6.8    0.3   27.6    1.1    1.5      0      0      0      0    0.1      0    0.5      0    0.2    0.4    0.2      0      0    6.4     30      0      0   10.9    1.1      0      0    0.3      0      0      0      0      0      0      0      0      0      0      0      0      0      0      0
-53.28 -29.45    3.9    4.9    0.1    0.1    1.3    7.4    0.5    5.8    6.2   13.6   11.6    8.1      8    9.1    1.2    9.3   12.3    0.2      0      2     33    1.6    0.4      0      0      0      0      0      0      0      0      0      0      0      0      0   11.6   17.1      0      0    2.8    0.1      0      0    1.1      0      0      0      0      0      0      0      0      0      0      0      0      0      0      0
-52.54 -28.56   18.2    7.3    0.1    0.1    0.3    8.1    0.8    1.2    2.4    4.3    8.6    3.2      8    8.5    0.1      3    3.8    5.7    2.1    6.3     39    1.1    0.3      0      0      0      0      0      0    0.4      0      0      0      0      0      0   13.8   23.6      0      0    7.4    0.3      0      0    0.2      0      0      0      0      0      0      0      0      0      0      0      0      0      0      0
-53.19 -29.02   10.5    5.4    0.1    0.2    1.1    7.8    0.5    3.2      4     11   13.6   11.5    7.9     11    0.1    8.1    4.7    0.5    1.3      4     35    1.4    0.6      0      0      0      0      0      0    0.1      0      0      0      0      0      0   11.3   22.3      0      0    5.2    0.1      0      0    0.7      0      0      0      0      0      0      0      0      0      0      0      0      0      0      0
-48.87 -25.14      0      0    1.6    0.4    0.2    0.1    0.4      0      0      0    0.1    0.1    0.1    0.1    0.1      0    0.3     10    6.6      0    8.6    7.9    1.9      0    3.5    2.1    1.1    0.3    0.2    0.3      0    0.1    1.5    1.8    2.4    0.5    0.6    7.7    2.1    0.3   14.7    1.8      0      0      0      0      0      0      0      0      0      0      0      0      0      0      0      0      0      0
-49.52 -27.14    3.8    2.3    2.3    0.4    0.3    1.8    1.2    0.1    0.3    0.5    1.2    1.2    0.6    2.8    0.3    0.7    2.3    5.6   16.5      0   11.1    0.1    0.1      0    0.2      0      0      0      0      0      0      0    0.6    1.4    2.2    1.6    2.2     30    0.1      0   18.6    1.6    0.2      0      0      0      0      0      0      0      0      0      0      0      0      0      0      0      0      0
-69.12  -12.6    0.2    0.3    0.2    0.1    0.1    0.4    0.6    0.4    0.6    0.7      1    0.9    1.8    0.4    0.7    0.5   12.6    6.9    0.3    0.9    1.2    1.1    5.3    4.1    0.3    1.2    1.9    0.6    0.6    3.2    3.3    0.5    0.4    0.4    0.1    0.5    1.3    2.6    4.5    0.5    0.6    1.5    1.4      1    0.7      0      0      0      0      0      0      0      0      0      0      0      0      0      0      0
-59.46 -10.16      0      0      0      0      0      0      0      0      0      0      0      0      0    0.1      0      0      0      0      0    0.8    0.5    0.3    2.6    0.1      0    0.1    0.2      0    2.8     13    4.8      0    1.4      0      0    0.5    0.4    0.7    7.3      0      0      0      0      0      0      0      0      0      0      0      0      0      0      0      0      0      0      0      0      0
-65.35 -10.73    0.1    0.1      0      0      0      0      0      0    0.2    0.3    0.5    0.7    0.5    0.6    0.3    0.2    7.7    1.7      0    1.7    1.2    1.1    3.6    0.1      0    0.3      0      0      0    0.7    0.1    0.1    0.2      0      0      0    0.4    4.4    0.8    0.1      0      0      0      0      0      0      0      0      0      0      0      0      0      0      0      0      0      0      0      0
-58.96 -15.12      0      0      0      0      0      0      0      0      0      0    0.1    0.1      0      0      0      0    1.3    0.2      0    0.8    0.7    0.2    2.9      0      0      1      0    0.5    0.1   19.6    0.2      0      0      0      0    0.4    0.2    3.9    0.3      0      0      0      0      0      0      0      0      0      0      0      0      0      0      0      0      0      0      0      0      0
-64.65  -9.25    0.3    0.2    0.2      0      0    0.2    0.3    0.1    0.2    0.3    0.7    0.5    1.2      1    0.9    0.3   10.9    1.8    0.1      1    0.6    0.3    7.6    3.1      0    1.2    0.3    0.1    0.1      1    1.2    0.1    0.2    0.1      0      0    0.3    2.1    3.5    0.2    0.2    0.1    0.2    0.1    0.2      0      0      0      0      0      0      0      0      0      0      0      0      0      0      0
-64.43 -12.43      0      0      0      0      0      0      0      0    0.1    0.1    0.5    0.4    0.4    0.2      0      0    3.4    1.1      0    0.3    0.3    0.6    7.4      0      0    0.1      0      0      0    3.3    0.1      0      0      0      0      0    0.4    2.6    0.9    0.3      0      0      0      0      0      0      0      0      0      0      0      0      0      0      0      0      0      0      0      0
 -60.7 -11.99      0      0      0      0      0      0      0      0      0      0    0.2      0    0.2      0      0      0      0      0      0    1.1    1.2      0    7.4      0      0    0.2      0    0.1    2.7     12    2.9      0    0.9    0.1      0    0.7    0.6    4.3    7.3      0      0    0.1      0      0      0      0      0      0      0      0      0      0      0      0      0      0      0      0      0      0
-63.45  -8.75      0      0      0      0      0    0.1      0    0.1    0.1    0.3    0.2    0.2    0.5    0.2      0      0    0.5    0.1      0    1.3    0.7    0.4    4.3    1.5    0.1    0.5    0.5    2.1    1.7    4.7    5.6      0    0.2      0      0    0.6    0.9      5      6      0      0      0      0      0      0      0      0      0      0      0      0      0      0      0      0      0      0      0      0      0
-63.97  -8.87      0      0      0      0      0    0.2    0.1    0.1    0.2    0.3    0.6    0.3    0.9    0.8      0      0    1.3    0.1      0    0.2    0.8    0.2      2    6.5      0    0.5    0.1      1    1.1      3    5.7      0    0.1      0      0    0.2    0.7    0.9   10.2      0      0      0      0      0      0      0      0      0      0      0      0      0      0      0      0      0      0      0      0      0
   -52  -6.74      0      0      0      0      0      0      0      0      0      0      0      0      0      0      0    0.1    0.6    0.2    0.6      1    1.3    0.3    3.4    0.4    0.4    1.8    1.8    0.4    0.3    3.5    0.2      0    1.5    2.5    3.7    0.7    0.5    0.1      0      0      0      0      0      0      0      0      0      0      0      0      0      0      0      0      0      0      0      0      0      0
-51.77  -6.75      0    0.2    0.1    0.2      0      0    0.1      0      0      0    0.1    0.1      0      0      0    0.8    1.1    0.9    0.9    2.1    3.9    0.2      0    0.2    5.1    6.4    3.2    0.4    0.1      0      0      0    0.3    2.4    4.2      1    0.6      0      0      0      0      0      0      0      0      0      0      0      0      0      0      0      0      0      0      0      0      0      0      0
-51.91  -3.41    0.1    0.9    1.5    0.2    0.2    0.2    0.3    0.2    0.2    0.1    0.2    0.3    0.2    0.2    0.2    0.3    2.9    4.5    3.5    3.5    4.2    0.6    0.2    1.8    2.2    8.3    4.1    2.9    0.8    0.2    0.3    0.5    0.8    1.7    8.8    3.3    3.9    0.1      0      0      0      0    0.1    0.3    0.8      0      0      0      0      0      0      0      0      0      0      0      0      0      0      0
-55.77 -10.98      0      0      0      0      0      0      0      0      0      0      0      0      0      0      0      0      0      0      0    1.1    0.1    0.4      5    0.3      0      0    0.2    0.1    0.3   12.7    1.1    0.1    2.7    0.1    0.6    0.6    0.8    0.2    0.4    0.1      0      0      0      0      0      0      0      0      0      0      0      0      0      0      0      0      0      0      0      0
-57.04  -9.19      0      0      0      0      0      0      0    0.1      0    0.1      0      0      0      0      0      0      0    0.5    0.2      3    0.4    0.7    1.4    0.3      0    0.3    1.6    0.6    3.3      6    0.8    0.2    1.2    0.8    2.3    1.6    7.3    0.4      0      0      0      0      0      0      0      0      0      0      0      0      0      0      0      0      0      0      0      0      0      0
-42.57 -16.74      0      0      0    0.1      0      0      0      0      0      0      0      0      0      0    0.9    0.1      0      0      0      0      0      0      0    0.4    0.2    0.1    1.8    0.2    0.3    0.8    0.6    0.5    0.1    0.3    1.3    2.2    0.2      0      0      3    1.6    0.1      0    0.4    0.2      0      0      0      0      0      0      0      0      0      0      0      0      0      0      0
-39.59 -15.97    0.3    0.1    0.1    0.2    0.1      0      0      0    0.1    0.1    0.2    0.2    0.3    0.2    1.9      1    0.4      0    0.2      0      0    0.2    0.1    1.1    1.5    0.3    0.4    0.6    0.1    0.7      1    2.2    0.2    0.1    2.4    6.3    0.4    0.2    1.3    3.8    1.7    0.4    0.5      1    0.7      0      0      0      0      0      0      0      0      0      0      0      0      0      0      0
-59.47  -1.92    4.7    1.6      3    6.1    5.4    1.7    2.2    2.9    3.8    2.6    2.4    2.8    2.5    2.6    2.3    4.6      1    9.2   12.5    1.2    3.8    2.4    2.6      9    2.4    4.2    4.2    4.4    6.9    2.3    2.8    2.3    1.3    3.3    2.9    8.9    4.2   14.6    1.1    0.1    0.7   10.8    2.2    1.2    5.9      0      0      0      0      0      0      0      0      0      0      0      0      0      0      0
 -54.3  -2.82      1    1.4    3.5    1.5    1.2    0.8    1.4    0.8    0.9    0.5    0.4    0.7    0.6    0.7    0.4    0.7    3.5    5.8    2.4    3.8    5.3      2    0.5    4.4    4.5      5    2.3    6.7      1    0.7    1.5    1.6    1.1    1.3   11.3     11   10.4    0.4      0      0    0.1    1.4      1    2.2    5.2      0      0      0      0      0      0      0      0      0      0      0      0      0      0      0
-52.52  -0.65    3.4    2.5    3.9    6.6    7.9    7.6    4.8    0.7      1    0.9    0.9    1.2    1.2    1.1    8.6    1.5    4.9    1.4    2.4   15.6    5.4      7    8.1    1.8    2.1      5    4.5      7    6.8    2.4    2.7      4      3      1    5.3    3.3     11    0.6    0.4      5    4.4      7    4.1    3.9    4.2      0      0      0      0      0      0      0      0      0      0      0      0      0      0      0
 -51.2   0.86    3.6    1.2    1.7    3.2    4.7      5    3.7    0.7    1.4    0.8    0.8      1    0.8    0.9    8.5    1.6   11.8    1.4    0.4   10.4    5.6   10.5   12.3      5    2.1    5.1    6.3    9.7      4    2.7    6.5    4.3    6.1    1.8    6.9    5.1      7    2.6    0.9    3.5    4.4    6.4   11.9      4    6.2      0      0      0      0      0      0      0      0      0      0      0      0      0      0      0
-43.57  -6.75    0.1    0.2      0      0      0      0      0      0      0      0      0      0      0      0      0    0.1    0.2      0      0      0      0      0    0.1    0.1    6.1    0.1      0      0      0      0      0      0      0      0      0      0      0      0      0      0      0      0      0      0      0      0      0      0      0      0      0      0      0      0      0      0      0      0      0      0
-54.83 -17.09      0      0      0      0      0      0      0      0      0      0      0      0      0      0      0      0      0    0.1      0      0    1.2    0.8   10.9      0      0    0.3    0.3    0.2    0.2    1.9      0      0    6.9    7.3    0.5    0.2    0.1      5    1.4    0.1      0      0      0      0      0      0      0      0      0      0      0      0      0      0      0      0      0      0      0      0
-58.73 -15.24      0      0      0      0      0      0      0      0      0      0      0      0      0      0      0      0    0.8    0.5      0    0.7    0.9    0.6    2.6      0      0    0.7      0    0.3    0.1     18    0.3      0      0      0      0    0.4    0.3    4.7    0.4      0      0      0      0      0      0      0      0      0      0      0      0      0      0      0      0      0      0      0      0      0
-55.78 -14.87      0      0      0      0      0      0      0      0      0    0.1    0.1      0      0      0      0      0      0      0      0    3.4    0.1    0.3    7.7      0      0    0.1      0      0    0.2    5.2    0.1      0    0.2      0    0.5    0.2    0.2    1.2    0.4      0      0      0      0      0      0      0      0      0      0      0      0      0      0      0      0      0      0      0      0      0
-54.83 -17.61      0      0      0      0      0      0      0      0      0      0      0      0      0      0      0      0      0    0.1    0.1      0    1.5    1.1   11.9      0      0    0.7      0    0.2    0.1      2      0      0    8.6    8.2    0.4    0.2    0.1   10.3    2.1      0      0      0      0      0      0      0      0      0      0      0      0      0      0      0      0      0      0      0      0      0
   -39 -12.58      1    1.2    0.7    0.6    0.9    0.4    0.2    0.1    0.2    0.4    0.3    0.2    0.1    0.1    1.1      1    1.1    0.2    0.3    0.5      1    3.1    0.7    0.6    1.6    0.4    0.2    0.6    0.6    0.4    0.3    0.7    2.6    0.1      0    0.1      0    0.9    2.2    0.7    1.9      1      2    0.5    0.5      0      0      0      0      0      0      0      0      0      0      0      0      0      0      0
 -40.2  -17.9    0.1    0.1    0.1    0.2    0.1      0      0    0.1    0.1      1    1.3      1    0.9    1.1    4.6    2.7    0.5      0    0.1      0      0      0      0    0.8    2.6    0.8    0.7    1.9    0.2    0.7    4.2    1.1    0.1    0.1    3.7    7.6    1.2    0.3    2.8    6.5    1.6    1.4    0.4    2.5    1.8      0      0      0      0      0      0      0      0      0      0      0      0      0      0      0
-41.72 -20.92      0      0    0.4    0.4    0.2      0    0.1    0.1      0    0.1    0.1    0.2    0.2    0.4    1.7      2    0.7    0.7    0.3      0      0      0    0.1    2.1    0.1      0    8.5      3    0.8    8.8    6.4    0.1      1    1.1    2.3    3.7    0.2      0    0.6   12.2      6    0.4    0.3    0.5    0.2      0      0      0      0      0      0      0      0      0      0      0      0      0      0      0
-42.85 -20.21      0      0    0.1    0.4    0.1      0      0      0      0      0      0      0      0      0    1.2    0.7    0.1    0.1    0.2    0.1      0      0    0.7    0.1      0      0    8.9    5.6      1    9.3    1.2      0    0.3    0.4    1.6    6.1    0.3      0    0.3      3    1.2      0    0.2    0.5    0.1      0      0      0      0      0      0      0      0      0      0      0      0      0      0      0
-42.85 -19.64      0      0    0.1    0.4    0.2      0    0.1      0      0      0    0.2    0.3    0.2      0    5.7      1    0.1      0    0.2    0.1      0      0    1.2    0.4    0.1      0    6.5   12.3    2.7      5    1.2      0      0    0.1    2.8    7.7    0.7      0      0    0.7      1      0      0    0.2    0.1      0      0      0      0      0      0      0      0      0      0      0      0      0      0      0
-42.66 -19.12      0      0      0    0.1      0      0      0      0    0.2    0.3    0.4    0.4    0.4    0.5    5.1    1.7    0.1    0.1    0.4      0      0      0      0    0.8    0.2      0    5.7    1.5    0.7    3.4    1.5    0.3      0      0    2.5    5.8    0.9    0.2    0.1    0.7    1.1    0.2      0    0.3    0.4      0      0      0      0      0      0      0      0      0      0      0      0      0      0      0
-40.92  -19.5      0      0    0.1    0.1    0.1      0      0      0    0.1      0      0      0      0      0      4      2    0.4      0    0.4      0      0    0.1    0.1    0.9    0.2    0.1     10    1.8    0.5      3    3.8    0.9      0    0.1    2.5      5    0.5    0.3    0.2    4.5    3.8    0.8      0    0.7    0.5      0      0      0      0      0      0      0      0      0      0      0      0      0      0      0
-64.66  -9.26    0.2    0.3    0.2    0.1    0.1    0.4    0.6    0.4    0.5    0.6      1    0.8    1.7    0.5    0.6    0.5     11      6    0.3    0.8    1.1      1    4.9    3.6    0.3    1.1    1.6    0.5    0.9    4.1    3.4    0.5    0.5    0.4    0.1    0.5    1.2    2.3    4.7    0.4    0.6    1.3    1.2    0.9    0.6      0      0      0      0      0      0      0      0      0      0      0      0      0      0      0
-51.77  -3.13    0.1    0.6    1.1    0.1    0.1    0.1    0.2    0.1    0.1    0.1    0.1    0.2    0.1    0.1    0.1    0.2    0.5      1      1    0.7    0.9    0.2    0.6    0.7    0.6    1.6      1    0.6    0.4    0.6    0.2    0.5    0.9    0.8    2.3    1.5    0.7    0.6    0.1    0.1    0.1    0.4    0.2    0.1    0.3      0      0      0      0      0      0      0      0      0      0      0      0      0      0      0
