-50.35 -19.89      0      0      0      0      0      0      0      0      0      0      0      0      0      0      0      0      0      0      0      0      0      0      0      0      0      0      0      0      0      0      0      0    0.1      0      0      0      0      0      0      0      0      0      0      0      0      0      0      0      0      0      0      0      0      0      0      0      0      0      0      0
-44.63 -21.28      0      0    0.3    0.7    0.2      0      0      0      0      0      0      0      0      0    0.2    0.8    0.4      1    0.3    1.4    0.3      0      0      0      1    0.1      0    0.4    0.7      0      0      0    6.3    0.9      0      0    0.1      0      0      0      0      0    1.1      0      0      0      0      0      0      0      0      0      0      0      0      0      0      0      0      0
-48.16 -20.25      0      0      0      0      0      0      0      0      0      0      0      0      0      0      0      0      0      0      0      0      0      0      0      0      0      0      0      0      0      0      0      0    0.7      0      0      0      0      0      0      0      0      0      0      0      0      0      0      0      0      0      0      0      0      0      0      0      0      0      0      0
-46.95  -21.6      0      0      0      0      0      0      0      0      0      0      0      0    0.1      0      0      0    0.1    0.1      0      0    0.1      0      0      0    0.7      0      0      0      0      0      0      0    2.8      0      0      0      0      0      0      0      0      0      0      0      0      0      0      0      0      0      0      0      0      0      0      0      0      0      0      0
-45.04 -21.14      0      0      0    0.1    0.1      0      0      0      0      0      0      0      0      0    0.1    0.1    0.1    0.1    0.1    0.6    0.2      0      0      0    0.2      0      0    0.1    0.2      0      0      0    1.3    0.3      0      0      0      0      0      0      0      0    0.1      0      0      0      0      0      0      0      0      0      0      0      0      0      0      0      0      0
-46.32 -20.67      0      0      0      0      0      0      0      0      0      0      0      0      0      0      0      0    0.1    0.1      0    0.6    0.1      0      0      0    0.2      0      0      0      0      0      0      0      1    0.1      0      0      0      0      0      0      0      0      0      0      0      0      0      0      0      0      0      0      0      0      0      0      0      0      0      0
-49.18  -20.3      0      0      0      0      0      0      0      0      0      0      0      0      0      0      0      0      0      0      0      0      0      0      0      0      0      0      0      0      0      0      0      0    0.6      0      0      0      0      0      0      0      0      0      0      0      0      0      0      0      0      0      0      0      0      0      0      0      0      0      0      0
-45.67 -21.59      0      0    0.3    0.3    0.1      0      0      0      0      0      0      0    0.1    0.1      0    0.1    0.2    0.5      0    0.3      0      0      0    0.7    3.8      0      0    0.1    0.1      0      0      0    3.9    0.1      0      0      0      0      0      0      0      0    0.1      0      0      0      0      0      0      0      0      0      0      0      0      0      0      0      0      0
-48.18 -21.02      0      0      0      0      0      0      0      0      0      0      0      0    0.1      0      0      0    0.1    0.1      0      0      0      0      0    1.5    1.4      0      0      0      0      0      0    0.1    2.3      0      0      0      0      0      0      0      0      0    0.2      0      0      0      0      0      0      0      0      0      0      0      0      0      0      0      0      0
-45.49 -21.61      0      0      0    0.2    0.1      0      0      0      0      0      0      0      0      0      0    0.1    0.1    0.3      0    0.6    0.3    0.1      0      0    1.9    0.1      0      0    0.2      0      0      0      3    0.1      0      0      0      0      0      0      0      0    0.1      0      0      0      0      0      0      0      0      0      0      0      0      0      0      0      0      0
-48.55    -20      0      0      0      0      0      0      0      0      0      0      0      0      0      0      0      0      0      0      0      0      0      0      0      0      0      0      0      0      0      0      0      0    0.1      0      0      0      0      0      0      0      0      0      0      0      0      0      0      0      0      0      0      0      0      0      0      0      0      0      0      0
-51.65    -26    0.4    0.2    1.2    0.4    0.1      1    1.1    0.1    0.2    0.4    1.1      2    3.6    3.5    0.1    0.2    0.3    6.1    0.2    0.1    0.2    1.4   12.1    2.7   15.2   20.8      0      0    3.9    4.7   14.7      0      0      0      0      0      0      0      0      0   34.3    6.7   25.3    1.3      0      0      0      0      0      0      0      0      0      0      0      0      0      0      0      0
   -52 -25.78    0.9    0.2    0.7    0.7    0.1      2    1.1    0.1    0.1    0.4    1.2      1    3.5    2.9    0.1      0    0.2    7.5    0.1      0    0.1    3.3   14.8    0.5   21.2   18.7      0      0    2.9    6.4   20.2      0      0      0      0      0      0      0      0    0.2   27.1    8.2   20.6      0      0      0      0      0      0      0      0      0      0      0      0      0      0      0      0      0
-53.48 -25.53    1.9    0.3    0.6    1.1    0.1    2.2      1      0    0.1    0.5    1.5    2.2    3.9    2.3    0.1      0    0.4    4.6    0.3      0      0    4.5   14.8    0.4   19.6   13.5      0      0    2.4    7.2   13.5      0      0      0      0      0      0      0      0    0.1   15.6    6.1   21.3      0      0      0      0      0      0      0      0      0      0      0      0      0      0      0      0      0
-51.74 -25.49    0.3    0.1    0.7    0.9      0    0.9    1.1      0    0.1    0.3    0.3    0.7      2      2      0      0    0.1      6      0      0      0      0   13.8    1.8   16.9   17.1      0      0    2.4    2.1   15.9      0      0      0      0      0      0      0      0      0     36   16.1     15    0.7      0      0      0      0      0      0      0      0      0      0      0      0      0      0      0      0
-51.08 -26.23    0.2    0.1    1.2    0.3    0.2    0.7      1    0.1    0.1    0.2    0.8    1.1    1.8    1.5    0.2    0.8    0.4    4.3    0.8    0.9    0.1    0.6    8.9    4.8   14.6   20.9      0    0.1    3.7    6.4   13.2      0    0.2    0.1      0      0    0.1      0      0      0     22    4.2     22    6.6      0      0      0      0      0      0      0      0      0      0      0      0      0      0      0      0
-53.74 -24.19    0.1      0    0.4    0.4      0    0.7    0.9      0    0.3    0.3    0.7    1.6    1.1    2.7      0      0      0    1.9      0      0      0    0.1   13.2    1.6   20.8   10.2      0      0    0.1    1.4    8.4      0      0      0      0      0      0      0      0    0.1   24.8      5     18      0      0      0      0      0      0      0      0      0      0      0      0      0      0      0      0      0
-54.56 -22.97      0      0    0.3    0.2      0    0.1    0.2      0      0    0.1    0.3    0.6      1    0.9      0      0      0      0      0      0      0    0.1    9.9     10   12.8    8.3      2      0      0    0.8    4.2      0      0      0      0      0      0      0      0      0      0    3.5    5.4      0      0      0      0      0      0      0      0      0      0      0      0      0      0      0      0      0
-54.58 -25.42    0.2      0    0.2    0.1      0    0.6    0.4      0    0.2    0.3    0.8    1.1    1.2    1.5      0      0    0.1    0.5      0      0      0    1.1    9.7    6.3   15.3    9.1      2    0.2      0    1.1      6      0      0      0      0      0      0      0      0      0      1    4.7   14.4      0      0      0      0      0      0      0      0      0      0      0      0      0      0      0      0      0
-53.53 -22.38      0      0      0    0.1      0      0      0      0    0.1      0    0.1    0.3    0.4    0.3      0      0      0      0      0      0      0    0.1   12.3   18.7    3.8   10.5    7.1      1      0      0    0.6      0      0      0      0      0      0      0      0      0      0    0.7    1.3      0      0      0      0      0      0      0      0      0      0      0      0      0      0      0      0      0
-53.17 -23.18      0      0    0.3    0.1      0    0.3    0.7      0      0    0.1    0.3    0.9    0.9    1.8      0      0      0    0.8      0      0      0      0   13.5    8.3   14.2   14.1    0.2      0    0.2    0.6    7.3      0      0      0      0      0      0      0      0      0   19.8    7.1   11.8    0.1      0      0      0      0      0      0      0      0      0      0      0      0      0      0      0      0
-48.54 -17.99      0      0      0      0      0      0      0      0      0      0      0      0      0      0      0      0      0      0      0    0.2      0      0      0      0      0      0      0      0      0      0      0      0      0      0      0      0      0      0      0      0      0      0      0      0      0      0      0      0      0      0      0      0      0      0      0      0      0      0      0      0
-48.67 -16.15      0      0      0      0      0      0      0      0      0      0      0      0      0      0      0      0      0      0      0    0.2      0      0      0      0      0      0      0      0      0      0      0      0      0      0      0      0      0      0      0      0      0      0      0      0      0      0      0      0      0      0      0      0      0      0      0      0      0      0      0      0
-47.98 -18.45      0      0      0      0      0      0      0      0      0      0      0      0      0      0      0      0      0      0    0.1    0.3    0.1      0      0      0      0      0      0      0      0      0      0      0      0      0    0.1      0      0      0      0      0      0      0      0      0      0      0      0      0      0      0      0      0      0      0      0      0      0      0      0      0
 -49.1 -18.42      0      0      0      0      0      0      0      0      0      0      0      0      0      0      0      0      0      0      0      0      0      0      0      0      0      0      0      0      0      0      0      0      0      0      0      0      0      0      0      0      0      0      0      0      0      0      0      0      0      0      0      0      0      0      0      0      0      0      0      0
 -47.7 -19.13      0      0      0      0      0      0      0      0      0      0      0      0      0      0      0      0      0      0      0    0.3    0.2      0      0      0      0      0      0      0      0      0      0      0      0    0.1      0      0      0      0      0      0      0      0      0      0      0      0      0      0      0      0      0      0      0      0      0      0      0      0      0      0
-50.16 -18.07      0      0      0      0      0      0      0      0      0      0      0      0      0      0      0      0      0      0      0      0      0      0      0      0      0      0      0      0      0      0      0      0      0      0      0      0      0      0      0      0      0      0      0      0      0      0      0      0      0      0      0      0      0      0      0      0      0      0      0      0
-47.68 -18.05      0      0      0      0      0      0      0      0      0      0      0      0      0      0      0      0      0      0    0.1    0.3      0      0      0      0      0      0      0      0      0      0      0      0      0      0      0      0      0      0      0      0      0      0      0      0      0      0      0      0      0      0      0      0      0      0      0      0      0      0      0      0
 -50.5 -19.02      0      0      0      0      0      0      0      0      0      0      0      0      0      0      0      0      0      0      0      0      0      0      0      0      0      0      0      0      0      0      0      0      0      0      0      0      0      0      0      0      0      0      0      0      0      0      0      0      0      0      0      0      0      0      0      0      0      0      0      0
-50.52 -22.94      0      0      0      0      0      0      0      0      0      0      0      0    0.3    0.2      0      0      0      0      0      0      0      0      0   12.5      4    0.2    0.3      0      0      0    0.1    0.1      0      0      0      0      0      0      0      0      0    3.4    0.5      0      0      0      0      0      0      0      0      0      0      0      0      0      0      0      0      0
-51.33 -22.65      0      0    0.1      0      0      0    0.2      0      0      0    0.1    0.1    0.2    0.2      0      0      0      0      0      0      0      0    8.1   17.1    7.1    7.2    0.6      0      0      0    0.7      0      0      0      0      0      0      0      0      0    2.3   12.7    2.7      0      0      0      0      0      0      0      0      0      0      0      0      0      0      0      0      0
-49.73 -23.01      0      0    0.2    0.1      0      0    0.3      0      0      0    0.1    0.2    0.3    0.2      0      0      0      0      0    0.1      0      0    4.8   13.7    9.5    8.9    0.1      0      0      0    0.9      0      0      0      0      0      0      0      0      0      2   16.5    0.8      0      0      0      0      0      0      0      0      0      0      0      0      0      0      0      0      0
-49.23 -23.22      0      0    0.5    0.3    0.1      0    0.1      0      0      0      0      0    0.1    0.1      0    0.4    0.3    0.6    0.6    0.2    0.1      0    0.5   20.1    8.5    4.2    0.1    0.2      0      0    0.1      0    0.3    0.6      0      0    0.2      0      0      0    1.3    7.3    0.4      0      0      0      0      0      0      0      0      0      0      0      0      0      0      0      0      0
-50.71 -24.06      0      0    0.7    0.2      0    0.3    0.8      0      0    0.2    0.2    0.8    0.9    1.1      0      0    0.1    0.2      0      0    0.1      0   11.2    7.2      7   11.2    0.1      0    0.2    0.4    3.3      0    0.1      0      0      0      0      0      0      0   17.4   10.5    9.7    0.3      0      0      0      0      0      0      0      0      0      0      0      0      0      0      0      0
-52.87  -22.5      0      0      0      0      0      0    0.1      0    0.1      0      0    0.1    0.2    0.1      0      0      0      0      0      0      0      0   11.5   21.6    5.6    8.4    2.6      0      0      0    1.2      0      0      0      0      0      0      0      0      0    0.2    5.8    1.1      0      0      0      0      0      0      0      0      0      0      0      0      0      0      0      0      0
-47.33 -16.21      0      0      0      0      0      0      0      0      0      0      0      0      0      0      0      0      0      0    0.1    0.2      0      0      0      0      0      0      0      0      0      0      0      0      0      0      0      0      0      0      0      0      0      0      0      0      0      0      0      0      0      0      0      0      0      0      0      0      0      0      0      0
-44.76 -18.95      0      0      0    0.1      0      0      0      0      0      0      0      0      0      0      0      0      0      0    0.3    0.6    0.1      0      0      0      0      0      0      0    0.1      0      0      0    0.1    0.3      0      0      0      0      0      0      0      0      0      0      0      0      0      0      0      0      0      0      0      0      0      0      0      0      0      0
-44.86 -15.93      0      0      0      0      0      0      0      0      0      0      0      0      0      0      0      0      0      0    0.1    0.2      0      0      0      0      0      0      0      0      0      0      0      0      0      0      0      0      0      0      0      0      0      0      0      0      0      0      0      0      0      0      0      0      0      0      0      0      0      0      0      0
-45.07 -16.37      0      0      0      0      0      0      0      0      0      0      0      0      0      0      0      0      0      0    0.2    0.2      0      0      0      0      0      0      0      0      0      0      0      0      0    0.1    0.1      0      0      0      0      0      0      0      0      0      0      0      0      0      0      0      0      0      0      0      0      0      0      0      0      0
-45.27 -18.16      0      0      0      0      0      0      0      0      0      0      0      0      0      0      0      0      0      0      0    0.5    0.1      0      0      0      0      0      0      0      0      0      0      0      0    0.1      0      0      0      0      0      0      0      0      0      0      0      0      0      0      0      0      0      0      0      0      0      0      0      0      0      0
-43.83 -11.35      0      0      0      0      0      0      0      0      0      0      0      0      0      0      0      0      0      0      0      0      0      0      0      0      0      0      0      0      0      0      0      0      0      0      0      0      0      0      0      0      0      0      0      0      0      0      0      0      0      0      0      0      0      0      0      0      0      0      0      0
-48.55 -22.52      0      0    0.2    0.2      0      0    0.1      0      0      0      0      0    0.1      0      0    0.1    0.2    0.4    0.1      0      0      0      0   11.3      5    0.5    0.1    0.1      0      0      0    1.2    1.6    0.2      0      0      0      0      0      0    0.3    0.6    0.1      0      0      0      0      0      0      0      0      0      0      0      0      0      0      0      0      0
-46.91 -23.46      0      0    4.1    1.8    0.3      0    0.3      0      0      0      0    0.1    0.1    0.1      0    1.8    1.9    6.6    1.4    0.7    0.1      0      0   18.8    8.2    3.8    0.5    1.3    0.3      0      0    1.2    3.4    4.8      0      0    0.2      0      0      0    1.4    9.1    0.9      0      0      0      0      0      0      0      0      0      0      0      0      0      0      0      0      0
-48.99 -21.76      0      0      0      0      0      0      0      0      0      0      0      0    0.2    0.1      0      0      0      0      0      0      0      0      0    2.9    0.4      0      0      0      0      0      0      2    0.9      0      0      0      0      0      0      0      0    0.8    0.1      0      0      0      0      0      0      0      0      0      0      0      0      0      0      0      0      0
 -50.2 -21.12      0      0      0      0      0      0      0      0      0      0      0      0    0.2      0      0      0      0      0      0      0      0      0      0    0.8      0      0      0      0      0      0      0      4    0.7      0      0      0      0      0      0      0      0    0.2      0      0      0      0      0      0      0      0      0      0      0      0      0      0      0      0      0      0
 -48.3  -13.4      0      0      0      0      0      0      0      0      0      0      0      0      0      0      0      0      0      0      0      0      0      0      0      0      0      0      0      0      0      0      0      0      0      0      0      0      0      0      0      0      0      0      0      0      0      0      0      0      0      0      0      0      0      0      0      0      0      0      0      0
 -51.2 -27.78   29.1    9.1    0.4    0.4    0.2    5.2    1.2    0.1    0.5    1.3    2.7    1.1    2.1    4.3    5.6    0.9    0.7      0      1    3.5   16.1   17.5   14.1    1.5    9.4    7.3      0      0    2.6    2.2   27.7    0.2      0      0      0      0      0      0      0   21.4   20.2    0.9    3.1    1.5      0      0      0      0      0      0      0      0      0      0      0      0      0      0      0      0
-51.33  -27.6   10.5    4.1    0.8    0.3    0.2    2.9    1.3    0.1    0.3    0.3    0.9    0.8      1      3    7.7    1.1    0.6    0.1    0.8      2    7.2    6.6   10.8    2.7   11.3   11.8    0.1      0    3.1      6   20.7    0.2      0      0      0      0    0.1      0      0    9.5   20.7    1.4    6.7    4.7      0      0      0      0      0      0      0      0      0      0      0      0      0      0      0      0
-53.04 -27.14   31.3    5.6    0.3    0.5    0.5    6.9    1.2    0.2    0.9    1.7    4.2    1.5    5.3    6.8      3    0.1    0.1      0    1.3    0.4    5.4    4.1   11.9    0.3      3    7.4    0.1      0    1.6    4.5   26.6    0.3      0      0      0      0      0      0      0    5.2    9.1    3.3   10.4    0.8      0      0      0      0      0      0      0      0      0      0      0      0      0      0      0      0
-52.38 -27.27   15.6    4.5    0.4    0.4    0.3    5.1    1.4    0.3    0.7    1.4      3    1.5    5.3    5.9    4.6    0.8    0.6    0.3    1.6    0.8    5.3    6.6   12.2    1.2    6.1   10.1    0.1      0      3      6   23.8    0.2      0      0      0      0      0      0      0    7.7   15.4    1.1    9.1      1      0      0      0      0      0      0      0      0      0      0      0      0      0      0      0      0
-51.78 -27.52   35.8   11.2    0.2    0.2    0.3    6.6    1.4    0.4    0.5    1.6    4.5    1.3    3.4    7.3    3.7    0.8    0.1      0      3    1.7   22.2   10.3   11.6      1    3.5    4.9    0.1      0    1.7    2.4   31.3    0.3      0      0      0      0      0      0      0     18   10.5    0.3    3.5    0.5      0      0      0      0      0      0      0      0      0      0      0      0      0      0      0      0
-52.73 -27.35   23.6    5.1    0.1    0.2    0.7    7.2    0.8    0.5    1.5    3.6    5.2    1.4    4.4    7.9    2.9    0.4      0      0    4.3      5   17.8   16.3    9.7    0.4    1.7    8.2      0      0    2.5    1.1     32    0.2      0      0      0      0      0      0      0   18.8    3.3    1.6    3.7    0.4      0      0      0      0      0      0      0      0      0      0      0      0      0      0      0      0
-52.54 -26.66    2.7    0.7    0.5    0.7    0.1    3.2      1    0.1    0.2    0.2    1.5    1.6    2.8    3.3    1.2    0.1    0.9    3.2    1.3      0    0.1    5.2   12.6    0.8   12.6   12.8      0      0      3    8.9   16.8    0.1      0      0      0      0      0      0      0    0.4    6.2    1.6   19.1    0.2      0      0      0      0      0      0      0      0      0      0      0      0      0      0      0      0
-55.05 -28.14    8.5    4.4    0.1    0.1    1.7    7.4    0.7    3.6    4.5   13.1   11.1      7      7   11.5      0      0      0      0    9.3   17.2   12.3   24.7      7      0    0.1    1.6      0      0    6.4   15.3   12.8    0.2      0      0      0      0      0      0      0     32      7    0.1    5.6    6.3   15.7      0      0      0      0      0      0      0      0      0      0      0      0      0      0      0
-51.87 -18.68      0      0      0      0      0      0      0      0      0      0      0      0      0      0      0      0      0      0      0      0      0      0      0      0      0      0      0      0      0      0      0      0      0      0      0      0      0      0      0      0      0      0      0      0      0      0      0      0      0      0      0      0      0      0      0      0      0      0      0      0
-50.76 -19.16      0      0      0      0      0      0      0      0      0      0      0      0      0      0      0      0      0      0      0      0      0      0      0      0      0      0      0      0      0      0      0      0    0.5      0      0      0      0      0      0      0      0      0      0      0      0      0      0      0      0      0      0      0      0      0      0      0      0      0      0      0
-50.64 -19.12      0      0      0      0      0      0      0      0      0      0      0      0      0      0      0      0      0      0      0      0      0      0      0      0      0      0      0      0      0      0      0      0    0.1      0      0      0      0      0      0      0      0      0      0      0      0      0      0      0      0      0      0      0      0      0      0      0      0      0      0      0
-51.35  -20.4      0      0      0      0      0      0      0      0      0      0      0      0      0      0      0      0      0      0      0      0      0      0      0      0      0      0      0      0      0      0      0    2.2    0.2      0      0      0      0      0      0      0      0      0      0      0      0      0      0      0      0      0      0      0      0      0      0      0      0      0      0      0
-51.63 -20.86      0      0      0      0      0      0      0      0      0      0      0      0      0      0      0      0      0      0      0      0      0      0      0    0.2      0      0      0      0      0      0      0    1.6    0.1      0      0      0      0      0      0      0      0      0      0      0      0      0      0      0      0      0      0      0      0      0      0      0      0      0      0      0
-53.18 -20.06      0      0      0      0      0      0      0      0      0      0      0      0      0      0      0      0      0      0      0      0      0      0      0    0.1      0      0      0      0      0      0    0.1    4.8    0.1      0      0      0      0      0      0      0      0      0      0      0      0      0      0      0      0      0      0      0      0      0      0      0      0      0      0      0
-52.87 -21.66      0      0      0      0      0      0      0      0    0.1      0      0    0.1    0.2    0.2      0      0      0      0      0      0      0      0      6    4.7    1.5    0.1    0.6      0      0      0    0.7    0.8      0      0      0      0      0      0      0      0      0    0.3      0      0      0      0      0      0      0      0      0      0      0      0      0      0      0      0      0      0
-52.91 -22.46      0      0      0      0      0      0      0      0      0      0      0    0.1    0.2    0.2      0      0      0      0      0      0      0      0    0.9    4.3    0.8    0.2    0.9      0      0      0      0    2.8      0      0      0      0      0      0      0      0      0    3.6      0      0      0      0      0      0      0      0      0      0      0      0      0      0      0      0      0      0
 -50.8 -13.69      0      0      0      0      0      0      0      0      0      0      0      0      0      0      0      0      0      0      0      0      0      0      0      0      0      0      0      0      0      0      0      0      0      0      0      0      0      0      0      0      0      0      0      0      0      0      0      0      0      0      0      0      0      0      0      0      0      0      0      0
-49.26  -8.27      0      0      0      0      0      0      0      0      0      0      0      0      0      0      0      0      0      0      0      0      0      0      0      0      0      0      0      0      0      0      0      0      0      0      0      0      0      0      0      0      0      0      0      0      0      0      0      0      0      0      0      0      0      0      0      0      0      0      0      0
-48.37  -9.76      0      0      0      0      0      0      0      0      0      0      0      0      0      0      0      0      0      0      0      0      0      0      0      0      0      0      0      0      0      0      0      0      0      0      0      0      0      0      0      0      0      0      0      0      0      0      0      0      0      0      0      0      0      0      0      0      0      0      0      0
-47.39  -9.31      0      0      0      0      0      0      0      0      0      0      0      0      0      0      0      0      0      0      0      0      0      0      0      0      0      0      0      0      0      0      0      0      0      0      0      0      0      0      0      0      0      0      0      0      0      0      0      0      0      0      0      0      0      0      0      0      0      0      0      0
-47.48  -7.33      0    0.3      0      0      0      0      0      0      0      0      0      0      0      0      0      0      0      0      0      0      0      0      0      0      0      0      0      0      0      0      0      0      0      0      0      0      0      0      0      0      0      0      0      0      0      0      0      0      0      0      0      0      0      0      0      0      0      0      0      0
-49.65  -3.83      0    1.3    0.4    0.1    0.1    0.2    0.2    0.2    0.1    0.1    0.1    0.1    0.1    0.1      0      0      0      0    0.1      0      0      0      0      0      0      0      0      0    0.4    0.6      0      0      0      0    0.1    0.5    0.2    0.5    0.3    0.1      0      0    0.1    0.1      0      0      0      0      0      0      0      0      0      0      0      0      0      0      0      0
-51.67 -29.07   21.7   10.2    0.3    0.4    0.8    6.3      1    0.9    2.1    3.5    6.3    1.3    8.1    7.1    2.1    1.1      0      0    3.3    4.1     29   29.2   14.6    0.9    3.7    6.7      0      0    3.5    3.8   32.2    0.3    0.1      0      0      0      0      0      0     37   18.6    0.6    1.1    0.3      0      0      0      0      0      0      0      0      0      0      0      0      0      0      0      0
-51.39 -29.01   17.2   13.9    0.6    0.7    0.7    5.8    1.1    0.6      2    3.2      5    0.9    7.5    6.8    3.9    2.3    0.4      0    1.3    3.6   23.5     30   21.8    1.1    6.4    7.6    0.1      0    3.4    2.4     30    0.4    0.1      0      0      0      0      0      0     30   14.5    1.5    3.9    3.9      0      0      0      0      0      0      0      0      0      0      0      0      0      0      0      0
-53.28 -29.45    3.9    4.9    0.1    0.1    1.3    7.4    0.5    5.8    6.2   13.6   11.6    8.1      8    9.1    0.5    0.1      0      0    3.3   19.8   16.1   31.6    9.6    0.1    0.3    2.5      0      0    7.3   23.1   14.5    0.2      0      0      0      0      0      0      0     34   17.2      0    1.8    4.6   16.6      0      0      0      0      0      0      0      0      0      0      0      0      0      0      0
-52.54 -28.56   18.2    7.3    0.1    0.1    0.3    8.1    0.8    1.2    2.4    4.3    8.6    3.2      8    8.5    0.9    0.3      0      0    6.2    3.7   21.2   20.7   11.2    0.6    1.8    6.5      0      0    3.1    2.7   32.9    0.2      0      0      0      0      0      0      0     39    5.9    0.6    3.3    0.9    0.1      0      0      0      0      0      0      0      0      0      0      0      0      0      0      0
-53.19 -29.02   10.5    5.4    0.1    0.2    1.1    7.8    0.5    3.2      4     11   13.6   11.5    7.9     11    0.6    0.1      0      0    7.4   10.1   12.8   28.6    8.9    0.2    0.4    4.5    0.1      0    3.4    6.8   24.4    0.3      0      0      0      0      0      0      0     35   11.3      0    1.4    2.8    1.9      0      0      0      0      0      0      0      0      0      0      0      0      0      0      0
-48.87 -25.14      0      0    1.6    0.4    0.2    0.1    0.4      0      0      0    0.1    0.1    0.1    0.1      0    0.8    0.6    1.1    1.1    1.2    0.2      0    4.1   12.6   12.9   11.3    0.1    0.6    0.3      0    0.6      0    1.1    0.6      0      0    0.1      0      0      0     31   17.8   15.7    3.8      0      0      0      0      0      0      0      0      0      0      0      0      0      0      0      0
-49.52 -27.14    3.8    2.3    2.3    0.4    0.3    1.8    1.2    0.1    0.3    0.5    1.2    1.2    0.6    2.8    3.4    2.3    0.4    0.5    1.8    1.4    0.4    3.7   15.2    4.2   17.1   20.4      0      0    2.4    6.6   22.9      0      0    0.1      0      0      0    0.1      0    3.9     30    3.6    8.3   11.4      0      0      0      0      0      0      0      0      0      0      0      0      0      0      0      0
-69.12  -12.6    0.2    0.3    0.2    0.1    0.1    0.4    0.6    0.4    0.6    0.7      1    0.9    1.8    0.4    1.3    0.7    0.3    0.2    0.5    0.2    1.4    1.7    0.8    3.8    2.9    1.5    4.3    0.5    0.9    2.2   11.2    1.3    0.6    0.4    0.2    0.2    0.2    0.2    0.2    0.2    0.2    0.1    0.3    0.5    0.5      0      0      0      0      0      0      0      0      0      0      0      0      0      0      0
-59.46 -10.16      0      0      0      0      0      0      0      0      0      0      0      0      0    0.1      0      0      0      0      0      0      0      0      0      0      0      0      0      0      0      0      0      0      0      0      0      0      0      0    0.1    0.1    2.5    0.1      0      0    3.1      0      0      0      0      0      0      0      0      0      0      0      0      0      0      0
-65.35 -10.73    0.1    0.1      0      0      0      0      0      0    0.2    0.3    0.5    0.7    0.5    0.6    0.2    0.1    0.1      0      0      0    0.7      1    1.2    2.6    0.7    0.3    0.3    0.1    0.5    1.7    4.2      0    0.1      0      0      0      0      0      0      0    0.1    0.3    0.1      0    0.1      0      0      0      0      0      0      0      0      0      0      0      0      0      0      0
-58.96 -15.12      0      0      0      0      0      0      0      0      0      0    0.1    0.1      0      0      0      0      0      0      0      0      0      0      0      0      0      0      0      0      0      0      0      0      0      0      0      0      0      0      0    0.1      0      0      0      0      0      0      0      0      0      0      0      0      0      0      0      0      0      0      0      0
-64.65  -9.25    0.3    0.2    0.2      0      0    0.2    0.3    0.1    0.2    0.3    0.7    0.5    1.2      1    0.5    0.4    0.1    0.1    0.1    0.1    1.5    1.9    1.5    8.7    1.7    0.8    0.9    0.3    0.9    2.2    5.9    0.1    0.2    0.1      0      0      0      0      0      0    0.1    0.5    0.2    0.3    0.6      0      0      0      0      0      0      0      0      0      0      0      0      0      0      0
-64.43 -12.43      0      0      0      0      0      0      0      0    0.1    0.1    0.5    0.4    0.4    0.2      0      0      0      0      0      0      0    0.1    0.2    0.8    0.1      0      0      0      0      0    0.1      0      0      0      0      0      0      0      0      0    0.3    0.6      0      0      0      0      0      0      0      0      0      0      0      0      0      0      0      0      0      0
 -60.7 -11.99      0      0      0      0      0      0      0      0      0      0    0.2      0    0.2      0      0      0      0      0      0      0      0      0      0      0      0      0      0      0      0      0      0      0      0      0      0      0      0      0    0.5      0      0    0.3      0      0      0      0      0      0      0      0      0      0      0      0      0      0      0      0      0      0
-63.45  -8.75      0      0      0      0      0    0.1      0    0.1    0.1    0.3    0.2    0.2    0.5    0.2      0      0      0      0      0      0    0.5    0.2      0    1.3    0.7      0      0      0      0      0    0.1      0      0      0      0      0      0      0    0.6    0.2    1.1    1.4    0.2    0.5    1.3      0      0      0      0      0      0      0      0      0      0      0      0      0      0      0
-63.97  -8.87      0      0      0      0      0    0.2    0.1    0.1    0.2    0.3    0.6    0.3    0.9    0.8      0      0      0      0      0      0    0.2      1      1   10.3    1.7      0      0      0      0      0      0    0.1      0      0      0      0      0      0    0.5    0.2    1.4    1.2    0.3    0.2    0.2      0      0      0      0      0      0      0      0      0      0      0      0      0      0      0
   -52  -6.74      0      0      0      0      0      0      0      0      0      0      0      0      0      0      0      0      0      0      0      0      0      0      0      0      0      0      0      0      0      0      0      0      0      0      0      0      0      0      0      0      0      0      0      0      0      0      0      0      0      0      0      0      0      0      0      0      0      0      0      0
-51.77  -6.75      0    0.2    0.1    0.2      0      0    0.1      0      0      0    0.1    0.1      0      0      0      0      0      0      0      0      0      0      0      0      0      0      0      0      0    0.2      0      0      0      0      0      0      0    0.1      0      0      0      0      0    0.1      0      0      0      0      0      0      0      0      0      0      0      0      0      0      0      0
-51.91  -3.41    0.1    0.9    1.5    0.2    0.2    0.2    0.3    0.2    0.2    0.1    0.2    0.3    0.2    0.2    0.1      0      0    0.1    0.2    0.2      0    0.6    0.2    0.2      0      0      0      0    0.3    0.3    0.2    0.1      0      0      0    1.1    1.1    0.5    0.6    0.1    0.4    0.1    0.3    0.4    0.1      0      0      0      0      0      0      0      0      0      0      0      0      0      0      0
-55.77 -10.98      0      0      0      0      0      0      0      0      0      0      0      0      0      0      0      0      0      0      0      0      0      0      0      0      0      0      0      0      0      0      0      0      0      0      0      0      0      0      0      0      0      0      0      0      0      0      0      0      0      0      0      0      0      0      0      0      0      0      0      0
-57.04  -9.19      0      0      0      0      0      0      0    0.1      0    0.1      0      0      0      0      0      0      0      0      0      0      0      0      0      0      0      0      0      0      0      0      0      0      0      0      0      0      0      0      0      0      0      0      0      0    0.2      0      0      0      0      0      0      0      0      0      0      0      0      0      0      0
-42.57 -16.74      0      0      0    0.1      0      0      0      0      0      0      0      0      0      0    0.1      0      0    0.6      2    1.8    0.5    0.1      0      0      0      0      0      0    0.3    0.3      0      0      0    0.8    0.5      0      0      0      0      0      0      0      0    0.4    0.2      0      0      0      0      0      0      0      0      0      0      0      0      0      0      0
-39.59 -15.97    0.3    0.1    0.1    0.2    0.1      0      0      0    0.1    0.1    0.2    0.2    0.3    0.2    0.5    0.2    0.1    2.1    3.4    2.8    0.9    0.1    0.3    0.2    0.5    0.2    0.2    0.1    0.8    0.8    0.1      0      0    1.4    1.5    0.2    0.2      0      0      0      0      0      0      1    0.4      0      0      0      0      0      0      0      0      0      0      0      0      0      0      0
-59.47  -1.92    4.7    1.6      3    6.1    5.4    1.7    2.2    2.9    3.8    2.6    2.4    2.8    2.5    2.6    3.5      5   18.6    6.1    4.9      7    3.2      8    8.9    3.6    1.9    1.6    4.6    0.5    0.7    0.4    0.4    2.5    4.1    3.1    2.2      2      5    8.8    1.7    0.9    1.4    3.7      3    3.6    4.8      0      0      0      0      0      0      0      0      0      0      0      0      0      0      0
 -54.3  -2.82      1    1.4    3.5    1.5    1.2    0.8    1.4    0.8    0.9    0.5    0.4    0.7    0.6    0.7    0.7    0.1    0.4    0.2    0.3    2.5    0.4    5.2    0.7    0.9    0.1      0      0    0.2    2.1    0.6      2    3.6    0.4      0      0    1.1    8.3    0.7      3    0.7    3.2    0.7    0.7    1.2    0.7      0      0      0      0      0      0      0      0      0      0      0      0      0      0      0
-52.52  -0.65    3.4    2.5    3.9    6.6    7.9    7.6    4.8    0.7      1    0.9    0.9    1.2    1.2    1.1    3.8    3.4      6    8.5    7.7    5.4    1.1      9    2.2    1.2    1.9    1.7    1.2    3.5    5.3    1.5    0.7    1.5    2.1    1.2    0.5    7.9    5.7    2.8    1.2    2.9    4.6    2.2    0.9    1.9    1.3      0      0      0      0      0      0      0      0      0      0      0      0      0      0      0
 -51.2   0.86    3.6    1.2    1.7    3.2    4.7      5    3.7    0.7    1.4    0.8    0.8      1    0.8    0.9    7.1    3.6    6.5   11.2    9.1    8.1    4.2    7.6    3.9    1.3    3.3    2.6    0.8    8.1   10.2    2.9    2.8      1    2.6    0.8    0.6    3.3    8.6    2.1    1.9    3.1    3.8    2.9    0.9    1.2    0.8      0      0      0      0      0      0      0      0      0      0      0      0      0      0      0
-43.57  -6.75    0.1    0.2      0      0      0      0      0      0      0      0      0      0      0      0      0      0      0      0      0      0      0      0      0      0      0      0      0      0      0      0      0      0      0      0      0      0      0      0      0      0      0      0      0      0      0      0      0      0      0      0      0      0      0      0      0      0      0      0      0      0
-54.83 -17.09      0      0      0      0      0      0      0      0      0      0      0      0      0      0      0      0      0      0      0      0      0      0      0      0      0      0      0      0      0      0      0      0      0      0      0      0      0      0      0      0      0      0      0      0      0      0      0      0      0      0      0      0      0      0      0      0      0      0      0      0
-58.73 -15.24      0      0      0      0      0      0      0      0      0      0      0      0      0      0      0      0      0      0      0      0      0      0      0      0      0      0      0      0      0      0      0      0      0      0      0      0      0      0      0    0.1      0      0      0      0      0      0      0      0      0      0      0      0      0      0      0      0      0      0      0      0
-55.78 -14.87      0      0      0      0      0      0      0      0      0    0.1    0.1      0      0      0      0      0      0      0      0      0      0      0      0      0      0      0      0      0      0      0      0      0      0      0      0      0      0      0      0      0      0      0      0      0      0      0      0      0      0      0      0      0      0      0      0      0      0      0      0      0
-54.83 -17.61      0      0      0      0      0      0      0      0      0      0      0      0      0      0      0      0      0      0      0      0      0      0      0      0      0      0      0      0      0      0      0      0    0.2      0      0      0      0      0      0      0      0      0      0      0      0      0      0      0      0      0      0      0      0      0      0      0      0      0      0      0
   -39 -12.58      1    1.2    0.7    0.6    0.9    0.4    0.2    0.1    0.2    0.4    0.3    0.2    0.1    0.1      2    0.3    0.2      0    0.1    1.3    3.4    2.5    2.2    3.3    1.4    0.9    0.6    0.8    0.5    0.4    0.7    0.5    0.5    2.9    1.4    1.5    1.1    1.6    0.1    0.5    0.3    0.5    0.6    2.9    1.9      0      0      0      0      0      0      0      0      0      0      0      0      0      0      0
 -40.2  -17.9    0.1    0.1    0.1    0.2    0.1      0      0    0.1    0.1      1    1.3      1    0.9    1.1    0.8    0.3    0.3    3.4    6.6      7    0.4    0.2    0.2      0    0.5    0.4    0.1    0.1    3.7    1.1    0.1      0      0    2.2    3.6      0    0.3    0.2      0      0      0      0      0    2.3    0.7      0      0      0      0      0      0      0      0      0      0      0      0      0      0      0
-41.72 -20.92      0      0    0.4    0.4    0.2      0    0.1    0.1      0    0.1    0.1    0.2    0.2    0.4    0.1      0    0.2      2      2    2.7    1.1      0      0      0    0.2      0      0    0.5    1.2    0.1      0      0    1.2    3.9    0.1      0    0.2      0      0      0      0      0    0.2      0      0      0      0      0      0      0      0      0      0      0      0      0      0      0      0      0
-42.85 -20.21      0      0    0.1    0.4    0.1      0      0      0      0      0      0      0      0      0    0.1      0    0.2    0.7      1    1.1    0.6      0      0      0      0    0.1      0    0.1    0.7      0      0      0    1.1    2.2      0      0      0      0      0      0      0      0      0    0.1    0.1      0      0      0      0      0      0      0      0      0      0      0      0      0      0      0
-42.85 -19.64      0      0    0.1    0.4    0.2      0    0.1      0      0      0    0.2    0.3    0.2      0    0.2      0    0.2    0.1    0.6    1.4    0.5    0.1      0      0    0.2    0.1      0    0.1    0.6    0.1      0      0      0    1.1      0      0      0      0      0      0      0      0      0    0.2    0.2      0      0      0      0      0      0      0      0      0      0      0      0      0      0      0
-42.66 -19.12      0      0      0    0.1      0      0      0      0    0.2    0.3    0.4    0.4    0.4    0.5    0.1      0    0.3    0.8    1.2    1.9    1.4    0.2      0      0    0.2    0.1      0      0    1.3    0.4      0      0      0    3.7    0.2      0      0      0      0      0      0      0      0    0.4    0.2      0      0      0      0      0      0      0      0      0      0      0      0      0      0      0
-40.92  -19.5      0      0    0.1    0.1    0.1      0      0      0    0.1      0      0      0      0      0    0.1    0.2    0.3    1.1    0.7    1.4    0.9    0.2      0      0    0.2    0.1      0    0.1    0.8    0.2      0      0    0.1      3    0.2      0      0      0      0      0      0      0    0.1    0.3    0.3      0      0      0      0      0      0      0      0      0      0      0      0      0      0      0
-64.66  -9.26    0.2    0.3    0.2    0.1    0.1    0.4    0.6    0.4    0.5    0.6      1    0.8    1.7    0.5    1.1    0.6    0.2    0.2    0.4    0.2    1.2    1.4    0.7    3.3    2.5    1.3    3.7    0.4    0.8    1.9    9.8    1.1    0.5    0.3    0.2    0.1    0.2    0.2    0.2    0.2    0.5    0.1    0.3    0.4    0.8      0      0      0      0      0      0      0      0      0      0      0      0      0      0      0
-51.77  -3.13    0.1    0.6    1.1    0.1    0.1    0.1    0.2    0.1    0.1    0.1    0.1    0.2    0.1    0.1    0.2    0.2    0.7    0.2    0.2    0.3    0.2    0.4    0.4    0.2    0.1    0.1    0.2      0    0.1    0.1      0    0.1    0.2    0.1    0.2    0.2    0.3    0.4    0.1    0.1    0.1    0.2    0.1    0.2    0.2      0      0      0      0      0      0      0      0      0      0      0      0      0      0      0
