-50.35 -19.89      0      0      0      0      0      0      0      0      0      0      0      0      0      0      0      0      0      0      0      0      0      0      0      0      0      0      0      0      0      0      0      0      0      0      0      0      0      0      0      0      0      0      0      0      0      0      0      0      0      0      0      0      0      0      0      0      0      0      0      0
-44.63 -21.28      0      0    0.3    0.7    0.2      0      0      0      0      0      0      0      0      0    0.1    0.5      0      0      0      0      0      0      0      0      0      0      0      0      0      0      0      0      0    0.5    1.8    1.5    0.2    0.1      0      0    0.6    5.8    0.9    0.3    0.4      0      0      0      0      0      0      0      0      0      0      0      0      0      0      0
-48.16 -20.25      0      0      0      0      0      0      0      0      0      0      0      0      0      0      0      0      0      0      0      0      0      0      0      0      0      0      0      0      0      0      0      0      0      0      0      0      0      0      0      0      0      0      0      0      0      0      0      0      0      0      0      0      0      0      0      0      0      0      0      0
-46.95  -21.6      0      0      0      0      0      0      0      0      0      0      0      0    0.1      0      0      0      0      0      0      0      0      0      0      0      0      0      0      0      0      0      0      0      0      0    0.1      0      0      0      0      0      0    0.5    0.1      0      0      0      0      0      0      0      0      0      0      0      0      0      0      0      0      0
-45.04 -21.14      0      0      0    0.1    0.1      0      0      0      0      0      0      0      0      0    0.1    0.2      0      0      0      0      0      0      0      0      0      0      0      0      0      0      0      0      0      0    0.5    0.5    0.1    0.1      0      0    0.2    2.4    0.6      0    0.2      0      0      0      0      0      0      0      0      0      0      0      0      0      0      0
-46.32 -20.67      0      0      0      0      0      0      0      0      0      0      0      0      0      0    0.1    0.1      0      0      0      0      0      0      0      0      0      0      0      0      0      0      0      0      0      0    0.1    0.1      0      0      0      0      0    0.8    0.2      0    0.1      0      0      0      0      0      0      0      0      0      0      0      0      0      0      0
-49.18  -20.3      0      0      0      0      0      0      0      0      0      0      0      0      0      0      0      0      0      0      0      0      0      0      0      0      0      0      0      0      0      0      0      0      0      0      0      0      0      0      0      0      0      0      0      0      0      0      0      0      0      0      0      0      0      0      0      0      0      0      0      0
-45.67 -21.59      0      0    0.3    0.3    0.1      0      0      0      0      0      0      0    0.1    0.1      0      0      0      0      0      0      0      0      0      0      0      0      0      0      0      0      0      0      0      0    0.1    0.1      0      0      0      0    0.1    1.4    0.3      0      0      0      0      0      0      0      0      0      0      0      0      0      0      0      0      0
-48.18 -21.02      0      0      0      0      0      0      0      0      0      0      0      0    0.1      0      0      0      0      0      0      0      0      0      0      0      0      0      0      0      0      0      0      0      0      0      0      0      0      0      0      0      0    0.2      0      0      0      0      0      0      0      0      0      0      0      0      0      0      0      0      0      0
-45.49 -21.61      0      0      0    0.2    0.1      0      0      0      0      0      0      0      0      0    0.1      0      0      0      0      0      0      0      0      0      0      0      0      0      0      0      0      0      0      0    0.3    0.3    0.1      0      0      0      0    2.3    0.3      0      0      0      0      0      0      0      0      0      0      0      0      0      0      0      0      0
-48.55    -20      0      0      0      0      0      0      0      0      0      0      0      0      0      0      0      0      0      0      0      0      0      0      0      0      0      0      0      0      0      0      0      0      0      0      0      0      0      0      0      0      0      0      0      0      0      0      0      0      0      0      0      0      0      0      0      0      0      0      0      0
-51.65    -26    0.4    0.2    1.2    0.4    0.1      1    1.1    0.1    0.2    0.4    1.1      2    3.6    3.5    2.1    0.1    4.1   12.1    9.8      0      0      0      0    0.1    0.6    0.4      0      0      0      0      0      0    0.9    2.9    0.2      0      0    2.5      0   14.1    0.4    0.1    0.1      0    0.1      0      0      0      0      0      0      0      0      0      0      0      0      0      0      0
   -52 -25.78    0.9    0.2    0.7    0.7    0.1      2    1.1    0.1    0.1    0.4    1.2      1    3.5    2.9    1.5    0.1     10   14.7    8.9      0      0      0      0    0.8    0.1    0.2      0      0      0      0      0      0    0.1    5.4      0      0      0    2.7      0   13.4    0.1      0      0      0      0      0      0      0      0      0      0      0      0      0      0      0      0      0      0      0
-53.48 -25.53    1.9    0.3    0.6    1.1    0.1    2.2      1      0    0.1    0.5    1.5    2.2    3.9    2.3    7.2    0.2   17.5   18.9    6.5    0.1      0      0      0      3    0.6      0      0      0      0      0      0      0    0.2    5.4      0      0      0    1.2    0.3   14.6    0.1      0      0      0      0      0      0      0      0      0      0      0      0      0      0      0      0      0      0      0
-51.74 -25.49    0.3    0.1    0.7    0.9      0    0.9    1.1      0    0.1    0.3    0.3    0.7      2      2    4.4    0.1    1.6   28.3    6.8      0      0      0      0      0      0    0.1      0      0      0      0      0      0    0.5    0.4      0      0      0    0.1      0   14.1    0.9      0      0      0      0      0      0      0      0      0      0      0      0      0      0      0      0      0      0      0
-51.08 -26.23    0.2    0.1    1.2    0.3    0.2    0.7      1    0.1    0.1    0.2    0.8    1.1    1.8    1.5    0.8    0.2    0.9    9.6    6.7      0      0      0      0    0.7    1.4    0.1    0.1      0      0    0.1      0      0    6.7    6.6    1.5    0.2      0    1.4    0.1   10.9      1    0.9    1.1    0.1    0.1      0      0      0      0      0      0      0      0      0      0      0      0      0      0      0
-53.74 -24.19    0.1      0    0.4    0.4      0    0.7    0.9      0    0.3    0.3    0.7    1.6    1.1    2.7    7.1      0    3.9   13.2      2      0      0      0      0      0      0      0      0      0      0      0      0      0      0      0      0      0      0      0      0    7.5    0.7      0      0      0      0      0      0      0      0      0      0      0      0      0      0      0      0      0      0      0
-54.56 -22.97      0      0    0.3    0.2      0    0.1    0.2      0      0    0.1    0.3    0.6      1    0.9   11.8      0    4.7    6.3      0      0      0      0      0      0    0.3      0      0      0      0      0      0      0      0      0      0      0      0      0      0      1    1.9      0      0      0      0      0      0      0      0      0      0      0      0      0      0      0      0      0      0      0
-54.58 -25.42    0.2      0    0.2    0.1      0    0.6    0.4      0    0.2    0.3    0.8    1.1    1.2    1.5    7.3      0   10.1    7.8    1.2    0.1      0      0      0    0.2    0.2      0      0      0      0      0      0      0      0      0      0      0      0      0      0    2.9    0.7      0      0      0      0      0      0      0      0      0      0      0      0      0      0      0      0      0      0      0
-53.53 -22.38      0      0      0    0.1      0      0      0      0    0.1      0    0.1    0.3    0.4    0.3    0.4      0    4.1    1.4      0      0      0      0      0      0      0      0      0      0      0      0      0      0      0      0      0      0      0      0      0      0    0.3      0      0      0      0      0      0      0      0      0      0      0      0      0      0      0      0      0      0      0
-53.17 -23.18      0      0    0.3    0.1      0    0.3    0.7      0      0    0.1    0.3    0.9    0.9    1.8    3.3      0    1.6    8.7    0.8      0      0      0      0      0      0      0      0      0      0      0      0      0      0      0      0      0      0      0      0    2.5    1.2      0      0      0      0      0      0      0      0      0      0      0      0      0      0      0      0      0      0      0
-48.54 -17.99      0      0      0      0      0      0      0      0      0      0      0      0      0      0      0      0      0      0      0      0      0      0      0      0      0      0      0      0      0      0      0      0      0      0      0      0      0      0      0      0      0      0      0      0      0      0      0      0      0      0      0      0      0      0      0      0      0      0      0      0
-48.67 -16.15      0      0      0      0      0      0      0      0      0      0      0      0      0      0      0      0      0      0      0      0      0      0      0      0      0      0      0      0      0      0      0      0      0      0      0      0      0      0      0      0      0      0      0      0      0      0      0      0      0      0      0      0      0      0      0      0      0      0      0      0
-47.98 -18.45      0      0      0      0      0      0      0      0      0      0      0      0      0      0    0.1    0.1      0      0      0      0      0      0      0      0      0      0      0      0      0      0      0      0      0      0    0.1    0.1      0    0.1      0      0      0      0      0      0      0      0      0      0      0      0      0      0      0      0      0      0      0      0      0      0
 -49.1 -18.42      0      0      0      0      0      0      0      0      0      0      0      0      0      0      0      0      0      0      0      0      0      0      0      0      0      0      0      0      0      0      0      0      0      0      0      0      0      0      0      0      0      0      0      0      0      0      0      0      0      0      0      0      0      0      0      0      0      0      0      0
 -47.7 -19.13      0      0      0      0      0      0      0      0      0      0      0      0      0      0      0      0      0      0      0      0      0      0      0      0      0      0      0      0      0      0      0      0      0      0    0.1    0.1      0      0      0      0      0      0      0      0      0      0      0      0      0      0      0      0      0      0      0      0      0      0      0      0
-50.16 -18.07      0      0      0      0      0      0      0      0      0      0      0      0      0      0      0      0      0      0      0      0      0      0      0      0      0      0      0      0      0      0      0      0      0      0      0      0      0      0      0      0      0      0      0      0      0      0      0      0      0      0      0      0      0      0      0      0      0      0      0      0
-47.68 -18.05      0      0      0      0      0      0      0      0      0      0      0      0      0      0    0.1      0      0      0      0      0      0      0      0      0      0      0      0      0      0      0      0      0      0      0      0      0      0      0      0      0      0      0      0      0      0      0      0      0      0      0      0      0      0      0      0      0      0      0      0      0
 -50.5 -19.02      0      0      0      0      0      0      0      0      0      0      0      0      0      0      0      0      0      0      0      0      0      0      0      0      0      0      0      0      0      0      0      0      0      0      0      0      0      0      0      0      0      0      0      0      0      0      0      0      0      0      0      0      0      0      0      0      0      0      0      0
-50.52 -22.94      0      0      0      0      0      0      0      0      0      0      0      0    0.3    0.2      0      0      0      0      0      0      0      0      0      0      0      0      0      0      0      0      0      0      0      0      0      0      0      0      0      0    0.3    0.6      0      0      0      0      0      0      0      0      0      0      0      0      0      0      0      0      0      0
-51.33 -22.65      0      0    0.1      0      0      0    0.2      0      0      0    0.1    0.1    0.2    0.2      0      0      0    1.4      0      0      0      0      0      0      0      0      0      0      0      0      0      0      0      0      0      0      0      0      0    0.2    0.1    0.1      0      0      0      0      0      0      0      0      0      0      0      0      0      0      0      0      0      0
-49.73 -23.01      0      0    0.2    0.1      0      0    0.3      0      0      0    0.1    0.2    0.3    0.2      0      0      0      1      0      0      0      0      0      0      0      0      0      0      0      0      0      0      0      0      0      0      0      0      0    0.5    0.2    0.1      0      0      0      0      0      0      0      0      0      0      0      0      0      0      0      0      0      0
-49.23 -23.22      0      0    0.5    0.3    0.1      0    0.1      0      0      0      0      0    0.1    0.1      0      0      0      0      0      0      0      0      0    0.2      0    0.1      0      0      0      0      0      0      0      1    0.6      0      0      0      0    0.6      1    0.9    0.3      0      0      0      0      0      0      0      0      0      0      0      0      0      0      0      0      0
-50.71 -24.06      0      0    0.7    0.2      0    0.3    0.8      0      0    0.2    0.2    0.8    0.9    1.1    0.4      0      0    7.4    1.6      0      0      0      0      0      0      0      0      0      0      0      0      0    0.3      0      0      0      0      0      0    2.8    0.7    0.1      0      0      0      0      0      0      0      0      0      0      0      0      0      0      0      0      0      0
-52.87  -22.5      0      0      0      0      0      0    0.1      0    0.1      0      0    0.1    0.2    0.1      0      0      0    0.3      0      0      0      0      0      0      0      0      0      0      0      0      0      0      0      0      0      0      0      0      0      0      0      0      0      0      0      0      0      0      0      0      0      0      0      0      0      0      0      0      0      0
-47.33 -16.21      0      0      0      0      0      0      0      0      0      0      0      0      0      0      0      0      0      0    0.1      0      0      0      0      0      0      0      0      0      0      0      0      0      0      0      0      0      0      0    0.1      0      0      0      0      0      0      0      0      0      0      0      0      0      0      0      0      0      0      0      0      0
-44.76 -18.95      0      0      0    0.1      0      0      0      0      0      0      0      0      0      0    0.1    0.1      0      0      0    0.1      0      0      0      0      0      0      0      0      0      0      0      0      0      0    0.4    0.2    0.1    0.1      0      0    0.1    0.6    0.1      0    0.1      0      0      0      0      0      0      0      0      0      0      0      0      0      0      0
-44.86 -15.93      0      0      0      0      0      0      0      0      0      0      0      0      0      0      0      0      0      0      0      0      0      0      0      0      0      0      0      0      0      0      0      0      0      0      0      0      0    0.1      0      0      0      0      0      0      0      0      0      0      0      0      0      0      0      0      0      0      0      0      0      0
-45.07 -16.37      0      0      0      0      0      0      0      0      0      0      0      0      0      0    0.1    0.1      0      0    0.1      0      0      0      0      0      0      0      0      0      0      0      0      0      0      0    0.2    0.1    0.1    0.1      0      0      0    0.1    0.1      0    0.1      0      0      0      0      0      0      0      0      0      0      0      0      0      0      0
-45.27 -18.16      0      0      0      0      0      0      0      0      0      0      0      0      0      0    0.1    0.1      0      0      0      0      0      0      0      0      0      0      0      0      0      0      0      0      0      0    0.2    0.1      0    0.1      0      0      0    0.1    0.1      0      0      0      0      0      0      0      0      0      0      0      0      0      0      0      0      0
-43.83 -11.35      0      0      0      0      0      0      0      0      0      0      0      0      0      0      0      0      0      0    0.1      0      0      0      0      0      0      0      0      0      0      0      0      0      0      0      0      0      0      0      0      0      0      0      0      0      0      0      0      0      0      0      0      0      0      0      0      0      0      0      0      0
-48.55 -22.52      0      0    0.2    0.2      0      0    0.1      0      0      0      0      0    0.1      0      0      0      0      0      0      0      0      0      0      0      0      0      0      0      0      0      0      0      0    0.2      0      0      0      0      0    0.1    1.5    1.8      0      0      0      0      0      0      0      0      0      0      0      0      0      0      0      0      0      0
-46.91 -23.46      0      0    4.1    1.8    0.3      0    0.3      0      0      0      0    0.1    0.1    0.1      0      0      0      0    0.1      0      0      0      0    1.4    0.5    0.3    0.1      0      0      0      0      0      0    4.5    1.3      0      0      0      0    2.3    7.6    8.5    1.8      0      0      0      0      0      0      0      0      0      0      0      0      0      0      0      0      0
-48.99 -21.76      0      0      0      0      0      0      0      0      0      0      0      0    0.2    0.1      0      0      0      0      0      0      0      0      0      0      0      0      0      0      0      0      0      0      0      0      0      0      0      0      0      0      0      0      0      0      0      0      0      0      0      0      0      0      0      0      0      0      0      0      0      0
 -50.2 -21.12      0      0      0      0      0      0      0      0      0      0      0      0    0.2      0      0      0      0      0      0      0      0      0      0      0      0      0      0      0      0      0      0      0      0      0      0      0      0      0      0      0      0      0      0      0      0      0      0      0      0      0      0      0      0      0      0      0      0      0      0      0
 -48.3  -13.4      0      0      0      0      0      0      0      0      0      0      0      0      0      0      0      0      0      0      0      0      0      0      0      0      0      0      0      0      0      0      0      0      0      0      0      0      0      0      0      0      0      0      0      0      0      0      0      0      0      0      0      0      0      0      0      0      0      0      0      0
 -51.2 -27.78   29.1    9.1    0.4    0.4    0.2    5.2    1.2    0.1    0.5    1.3    2.7    1.1    2.1    4.3    1.2    4.2     18    0.6   15.4    1.3    8.9      0   17.1     31    5.5    5.9      0      0    0.4    3.9      0      0    7.6   13.1    7.7    0.1    3.6    6.9    2.9    2.7      0    0.1      0      0      0      0      0      0      0      0      0      0      0      0      0      0      0      0      0      0
-51.33  -27.6   10.5    4.1    0.8    0.3    0.2    2.9    1.3    0.1    0.3    0.3    0.9    0.8      1      3    0.8    2.1   11.6      2   17.4    0.7    1.1      0    2.3   22.5   14.8      9      0      0    0.1    0.8      0      0   10.3     30    3.7    0.5    2.5    6.4    2.2    3.7    0.1    0.1    0.4    0.1    0.1      0      0      0      0      0      0      0      0      0      0      0      0      0      0      0
-53.04 -27.14   31.3    5.6    0.3    0.5    0.5    6.9    1.2    0.2    0.9    1.7    4.2    1.5    5.3    6.8    1.5      2   23.7   16.4   27.9    1.2    0.1      0    8.9   23.3    4.4      3      0      0    0.3    0.1      0      0   11.2   35.4    3.3      0    0.2    4.7   13.7    9.9      0      0      0      0      0      0      0      0      0      0      0      0      0      0      0      0      0      0      0      0
-52.38 -27.27   15.6    4.5    0.4    0.4    0.3    5.1    1.4    0.3    0.7    1.4      3    1.5    5.3    5.9    0.7      2   15.1    2.9   18.3    1.5    2.1      0    5.9   21.2   10.8    2.8      0      0    0.2    0.5      0      0    6.5     32    6.1      0    1.2    4.9    5.8    5.8      0      0    0.1      0      0      0      0      0      0      0      0      0      0      0      0      0      0      0      0      0
-51.78 -27.52   35.8   11.2    0.2    0.2    0.3    6.6    1.4    0.4    0.5    1.6    4.5    1.3    3.4    7.3    0.8    4.9   28.2    1.7   24.2    3.9    5.8      0     16     37   15.5    9.4      0      0    0.3    0.6      0      0   10.2     37    5.7      0    2.3    5.5    9.1    3.4      0      0      0      0      0      0      0      0      0      0      0      0      0      0      0      0      0      0      0      0
-52.73 -27.35   23.6    5.1    0.1    0.2    0.7    7.2    0.8    0.5    1.5    3.6    5.2    1.4    4.4    7.9    1.3    3.4   15.6    5.8     32    5.4    5.9    0.1   20.2     32    2.9    4.4      0      0    0.5    1.7      0      0    5.9   28.5   19.1      0    1.5    5.3   11.6    1.6      0      0      0      0      0      0      0      0      0      0      0      0      0      0      0      0      0      0      0      0
-52.54 -26.66    2.7    0.7    0.5    0.7    0.1    3.2      1    0.1    0.2    0.2    1.5    1.6    2.8    3.3    3.1    0.5    9.9    7.2      4    0.3      0      0      0    5.9    1.3      1      0      0      0      0      0      0    1.3   23.2    0.1      0      0    5.2    0.9   11.9      0      0      0      0      0      0      0      0      0      0      0      0      0      0      0      0      0      0      0      0
-55.05 -28.14    8.5    4.4    0.1    0.1    1.7    7.4    0.7    3.6    4.5   13.1   11.1      7      7   11.5    3.1   15.2    7.1    4.3   20.4    5.9   16.8    1.5   17.3    5.9    1.5    4.8      0    0.2    1.3    1.5      0    0.7   10.7      1    2.4    1.2   15.4    7.6    2.9      0      0      0      0      0    0.6      0      0      0      0      0      0      0      0      0      0      0      0      0      0      0
-51.87 -18.68      0      0      0      0      0      0      0      0      0      0      0      0      0      0      0      0      0      0      0      0      0      0      0      0      0      0      0      0      0      0      0      0      0      0      0      0      0      0      0      0      0      0      0      0      0      0      0      0      0      0      0      0      0      0      0      0      0      0      0      0
-50.76 -19.16      0      0      0      0      0      0      0      0      0      0      0      0      0      0      0      0      0      0      0      0      0      0      0      0      0      0      0      0      0      0      0      0      0      0      0      0      0      0      0      0      0      0      0      0      0      0      0      0      0      0      0      0      0      0      0      0      0      0      0      0
-50.64 -19.12      0      0      0      0      0      0      0      0      0      0      0      0      0      0      0      0      0      0      0      0      0      0      0      0      0      0      0      0      0      0      0      0      0      0      0      0      0      0      0      0      0      0      0      0      0      0      0      0      0      0      0      0      0      0      0      0      0      0      0      0
-51.35  -20.4      0      0      0      0      0      0      0      0      0      0      0      0      0      0      0      0      0      0      0      0      0      0      0      0      0      0      0      0      0      0      0      0      0      0      0      0      0      0      0      0      0      0      0      0      0      0      0      0      0      0      0      0      0      0      0      0      0      0      0      0
-51.63 -20.86      0      0      0      0      0      0      0      0      0      0      0      0      0      0      0      0      0      0      0      0      0      0      0      0      0      0      0      0      0      0      0      0      0      0      0      0      0      0      0      0      0      0      0      0      0      0      0      0      0      0      0      0      0      0      0      0      0      0      0      0
-53.18 -20.06      0      0      0      0      0      0      0      0      0      0      0      0      0      0      0      0      0      0      0      0      0      0      0      0      0      0      0      0      0      0      0      0      0      0      0      0      0      0      0      0      0      0      0      0      0      0      0      0      0      0      0      0      0      0      0      0      0      0      0      0
-52.87 -21.66      0      0      0      0      0      0      0      0    0.1      0      0    0.1    0.2    0.2      0      0    0.3      0      0      0      0      0      0      0      0      0      0      0      0      0      0      0      0      0      0      0      0      0      0      0      0      0      0      0      0      0      0      0      0      0      0      0      0      0      0      0      0      0      0      0
-52.91 -22.46      0      0      0      0      0      0      0      0      0      0      0    0.1    0.2    0.2      0      0      0      0      0      0      0      0      0      0      0      0      0      0      0      0      0      0      0      0      0      0      0      0      0      0      0      0      0      0      0      0      0      0      0      0      0      0      0      0      0      0      0      0      0      0
 -50.8 -13.69      0      0      0      0      0      0      0      0      0      0      0      0      0      0      0      0      0      0      0      0      0      0      0      0      0      0      0      0      0      0      0      0      0      0      0      0      0      0      0      0      0      0      0      0      0      0      0      0      0      0      0      0      0      0      0      0      0      0      0      0
-49.26  -8.27      0      0      0      0      0      0      0      0      0      0      0      0      0      0      0      0      0      0      0      0      0      0      0      0      0      0      0      0      0      0      0      0      0      0      0      0      0      0      0      0      0      0      0      0      0      0      0      0      0      0      0      0      0      0      0      0      0      0      0      0
-48.37  -9.76      0      0      0      0      0      0      0      0      0      0      0      0      0      0      0      0      0      0      0      0      0      0      0      0      0      0      0      0      0      0      0      0      0      0      0      0      0      0      0      0      0      0      0      0      0      0      0      0      0      0      0      0      0      0      0      0      0      0      0      0
-47.39  -9.31      0      0      0      0      0      0      0      0      0      0      0      0      0      0      0      0      0      0      0      0      0      0      0      0      0      0      0      0      0      0      0      0      0      0      0      0      0      0      0      0      0      0      0      0      0      0      0      0      0      0      0      0      0      0      0      0      0      0      0      0
-47.48  -7.33      0    0.3      0      0      0      0      0      0      0      0      0      0      0      0      0      0      0      0      0      0      0      0      0      0      0      0      0      0      0      0      0      0      0      0      0      0      0      0      0      0      0      0      0      0      0      0      0      0      0      0      0      0      0      0      0      0      0      0      0      0
-49.65  -3.83      0    1.3    0.4    0.1    0.1    0.2    0.2    0.2    0.1    0.1    0.1    0.1    0.1    0.1      0      0      0      0      0      0      0      0      0      0      0      0      0      0      0      0      0      0      0      0    0.2    0.1    0.3    0.1    0.1      0      0    0.2    0.1      0      0      0      0      0      0      0      0      0      0      0      0      0      0      0      0      0
-51.67 -29.07   21.7   10.2    0.3    0.4    0.8    6.3      1    0.9    2.1    3.5    6.3    1.3    8.1    7.1      1    6.2   11.6    0.4   18.3      7   13.7      0   18.6   24.5    0.9    5.5      0      0    3.8    5.4      0      0   11.4    4.5    9.8    0.1    3.3      7    7.4    0.6      0      0      0      0      0      0      0      0      0      0      0      0      0      0      0      0      0      0      0      0
-51.39 -29.01   17.2   13.9    0.6    0.7    0.7    5.8    1.1    0.6      2    3.2      5    0.9    7.5    6.8    1.8    6.6    7.8    0.5   11.2    4.1    3.9      0   17.8   27.5    3.9    3.3    0.1      0    1.6    9.9    0.3      0   17.2    0.7    6.9    0.1    2.7    5.8      7      1      0    0.3      0      0      0      0      0      0      0      0      0      0      0      0      0      0      0      0      0      0
-53.28 -29.45    3.9    4.9    0.1    0.1    1.3    7.4    0.5    5.8    6.2   13.6   11.6    8.1      8    9.1    1.5   16.7    5.1    1.3   15.3    9.2    9.3    5.5     20    0.9    1.9    3.4      0    0.5    8.1    3.6      0    2.7   12.6      0    2.8    6.4      8   13.5    4.1      0      0      0      0      0    0.9      0      0      0      0      0      0      0      0      0      0      0      0      0      0      0
-52.54 -28.56   18.2    7.3    0.1    0.1    0.3    8.1    0.8    1.2    2.4    4.3    8.6    3.2      8    8.5    1.7    6.2   12.1    1.5   27.1    7.2   11.9    0.2   14.7   22.6    4.2      5      0      0    1.8    1.3      0      0    5.1   17.8     39    0.2    5.7    4.2    6.6    0.5      0      0      0      0      0      0      0      0      0      0      0      0      0      0      0      0      0      0      0      0
-53.19 -29.02   10.5    5.4    0.1    0.2    1.1    7.8    0.5    3.2      4     11   13.6   11.5    7.9     11    1.6   10.5    5.3      1   18.5   12.7    9.1      2   14.5   10.8    2.3    2.5      0      0    3.8    1.9      0    0.2     18    0.3   13.2    2.1    9.4    5.8    5.8      0      0      0      0      0    0.4      0      0      0      0      0      0      0      0      0      0      0      0      0      0      0
-48.87 -25.14      0      0    1.6    0.4    0.2    0.1    0.4      0      0      0    0.1    0.1    0.1    0.1    0.1      0      0    7.3    3.1      0      0      0      0    0.6      0    0.2    0.1      0      0    0.1      0      0    0.5    1.7    3.5    0.3    0.1      0      0    4.2    1.4    0.7    1.5    0.3    0.3      0      0      0      0      0      0      0      0      0      0      0      0      0      0      0
-49.52 -27.14    3.8    2.3    2.3    0.4    0.3    1.8    1.2    0.1    0.3    0.5    1.2    1.2    0.6    2.8    1.2    1.1    4.2    2.9   10.9    0.1    0.1      0    0.3    9.7    9.6    3.4    0.2      0      0      1    0.1      0    6.6   29.6    4.9    1.3    5.6    6.3    0.1    4.1    1.4    0.2    0.8    0.2    0.6      0      0      0      0      0      0      0      0      0      0      0      0      0      0      0
-69.12  -12.6    0.2    0.3    0.2    0.1    0.1    0.4    0.6    0.4    0.6    0.7      1    0.9    1.8    0.4    2.9    1.1    0.8    0.8    1.1    1.3    0.7    0.4    0.6    1.3    1.3    1.2    1.1    0.4    0.4    0.1    0.1    1.2    0.6    1.4    1.4    0.8    3.9    1.4    0.8    1.7    3.5    1.1    0.3    0.4      1      0      0      0      0      0      0      0      0      0      0      0      0      0      0      0
-59.46 -10.16      0      0      0      0      0      0      0      0      0      0      0      0      0    0.1      0      0      0      0      0      0      0      0      0      0      0      0      0      0      0      0      0      0      0      0      0      0    0.1      0      0      0      0      0      0      0      0      0      0      0      0      0      0      0      0      0      0      0      0      0      0      0
-65.35 -10.73    0.1    0.1      0      0      0      0      0      0    0.2    0.3    0.5    0.7    0.5    0.6      6    0.5      1    3.5    0.2    0.1    0.1    0.2      1    0.7    0.2    0.1      0      0    0.1    0.2      0      0    0.8    0.4    0.1    1.6    5.3    0.2    0.1    1.3    0.3      0      0      0      0      0      0      0      0      0      0      0      0      0      0      0      0      0      0      0
-58.96 -15.12      0      0      0      0      0      0      0      0      0      0    0.1    0.1      0      0      0      0      0      0      0      0      0      0      0      0      0      0      0      0      0      0      0      0      0      0      0      0      0      0      0      0      0      0      0      0      0      0      0      0      0      0      0      0      0      0      0      0      0      0      0      0
-64.65  -9.25    0.3    0.2    0.2      0      0    0.2    0.3    0.1    0.2    0.3    0.7    0.5    1.2      1    1.5    1.1    0.6    1.9      1    0.4    0.3    0.2    0.6    0.6    0.4    0.2    0.2    0.1    0.1    0.1      0    0.2    0.2    1.3    0.2    0.3    6.1      2    0.2    2.2    1.2    0.1    0.1    0.1    0.1      0      0      0      0      0      0      0      0      0      0      0      0      0      0      0
-64.43 -12.43      0      0      0      0      0      0      0      0    0.1    0.1    0.5    0.4    0.4    0.2    1.3    0.4    0.5    1.9    0.1    0.1      0      0      0      0      0      0      0      0      0      0      0      0      0      0      0    0.2    2.4    0.1    0.1    0.2      0      0      0      0      0      0      0      0      0      0      0      0      0      0      0      0      0      0      0      0
 -60.7 -11.99      0      0      0      0      0      0      0      0      0      0    0.2      0    0.2      0    0.1      0      0    0.1      0      0      0      0      0      0      0      0      0      0      0      0      0      0      0      0      0      0      0      0      0      0      0      0      0      0      0      0      0      0      0      0      0      0      0      0      0      0      0      0      0      0
-63.45  -8.75      0      0      0      0      0    0.1      0    0.1    0.1    0.3    0.2    0.2    0.5    0.2    0.3    0.2    0.1      0      0      0      0      0      0      0      0      0      0      0      0    0.2      0      0      0      0      0      0      1    0.1    0.2    1.1    0.1      0      0      0      0      0      0      0      0      0      0      0      0      0      0      0      0      0      0      0
-63.97  -8.87      0      0      0      0      0    0.2    0.1    0.1    0.2    0.3    0.6    0.3    0.9    0.8    0.7    0.4    0.3    0.2    0.5    0.2      0      0      0      0      0      0      0      0      0    0.1      0      0      0      0      0      0    1.1    0.5    0.3    2.8      1      0      0      0      0      0      0      0      0      0      0      0      0      0      0      0      0      0      0      0
   -52  -6.74      0      0      0      0      0      0      0      0      0      0      0      0      0      0      0      0      0      0      0      0      0      0      0      0      0      0      0      0      0      0      0      0      0      0      0      0      0      0      0      0      0      0      0      0      0      0      0      0      0      0      0      0      0      0      0      0      0      0      0      0
-51.77  -6.75      0    0.2    0.1    0.2      0      0    0.1      0      0      0    0.1    0.1      0      0      0      0      0      0      0      0      0      0      0      0      0      0      0      0      0      0      0      0      0      0      0      0      0      0      0      0      0      0    0.1      0      0      0      0      0      0      0      0      0      0      0      0      0      0      0      0      0
-51.91  -3.41    0.1    0.9    1.5    0.2    0.2    0.2    0.3    0.2    0.2    0.1    0.2    0.3    0.2    0.2      0    0.1    0.1    0.2    0.1    0.2      0      0      0      0    0.1      0    0.1      0      0      0      0    0.1      0      0    0.2    0.4    0.1    0.2    0.1      0      0    0.2    1.6      0      0      0      0      0      0      0      0      0      0      0      0      0      0      0      0      0
-55.77 -10.98      0      0      0      0      0      0      0      0      0      0      0      0      0      0      0      0      0      0      0      0      0      0      0      0      0      0      0      0      0      0      0      0      0      0      0      0      0      0      0      0      0      0      0      0      0      0      0      0      0      0      0      0      0      0      0      0      0      0      0      0
-57.04  -9.19      0      0      0      0      0      0      0    0.1      0    0.1      0      0      0      0      0      0      0      0      0      0      0      0      0      0      0      0      0      0      0      0      0      0      0      0      0      0      0      0      0      0      0      0      0      0      0      0      0      0      0      0      0      0      0      0      0      0      0      0      0      0
-42.57 -16.74      0      0      0    0.1      0      0      0      0      0      0      0      0      0      0    0.8    0.3    0.1    0.2    0.8    0.3    0.1    0.2    0.2      0    0.3    0.1    0.1      0      0      0      0      0      0      0    0.3      0      1    0.5      0      0      0    0.5    1.3    0.1    0.7      0      0      0      0      0      0      0      0      0      0      0      0      0      0      0
-39.59 -15.97    0.3    0.1    0.1    0.2    0.1      0      0      0    0.1    0.1    0.2    0.2    0.3    0.2    1.8    0.3    0.5      1    1.5    0.4    0.7    0.5    0.2    0.1    0.3    0.9    0.5    0.1    0.4    0.3    0.1      0    0.1    0.1    0.2    0.3    2.2    0.8      0      0      0    1.1    2.4    0.4    0.9      0      0      0      0      0      0      0      0      0      0      0      0      0      0      0
-59.47  -1.92    4.7    1.6      3    6.1    5.4    1.7    2.2    2.9    3.8    2.6    2.4    2.8    2.5    2.6    0.7    0.1    7.8    1.9    1.5    1.1    1.9    6.9    0.3    0.6    0.3    0.3    1.6    0.8      0      0    0.3    2.4      3    4.9    0.8    2.6    0.7   11.4    5.6    3.6    3.4    2.2    7.6    7.7    3.9      0      0      0      0      0      0      0      0      0      0      0      0      0      0      0
 -54.3  -2.82      1    1.4    3.5    1.5    1.2    0.8    1.4    0.8    0.9    0.5    0.4    0.7    0.6    0.7      0    0.5    0.2    0.5    0.7    0.5    0.6      0      0      0    1.4    0.2    0.4      0      0      0      0    0.4    0.5    0.4    1.6    1.7    0.1    5.6    2.4    0.2      0    1.4    2.3    0.1    0.1      0      0      0      0      0      0      0      0      0      0      0      0      0      0      0
-52.52  -0.65    3.4    2.5    3.9    6.6    7.9    7.6    4.8    0.7      1    0.9    0.9    1.2    1.2    1.1    6.8    2.9    5.5    1.9    0.8      6      4      1    0.7    9.2    7.1    2.6    0.7      0      0      0    1.4    2.4      3    3.4    0.8    2.7    3.1    6.9      1    0.8    0.8    1.6    1.2    7.9    1.9      0      0      0      0      0      0      0      0      0      0      0      0      0      0      0
 -51.2   0.86    3.6    1.2    1.7    3.2    4.7      5    3.7    0.7    1.4    0.8    0.8      1    0.8    0.9   23.4    3.3   10.1    4.7    1.4    6.5    3.8    0.7    0.9   12.8    8.4    4.6    0.8      0      0      0    1.9    2.5    3.2    4.8    4.1    5.1    6.5    6.7    2.3    0.4    1.5    1.6    1.1    6.6    2.5      0      0      0      0      0      0      0      0      0      0      0      0      0      0      0
-43.57  -6.75    0.1    0.2      0      0      0      0      0      0      0      0      0      0      0      0      0      0      0      0      0      0      0      0      0      0      0      0      0      0      0      0      0      0      0      0      0      0      0      0      0      0      0      0      0      0      0      0      0      0      0      0      0      0      0      0      0      0      0      0      0      0
-54.83 -17.09      0      0      0      0      0      0      0      0      0      0      0      0      0      0      0      0      0      0      0      0      0      0      0      0      0      0      0      0      0      0      0      0      0      0      0      0      0      0      0      0      0      0      0      0      0      0      0      0      0      0      0      0      0      0      0      0      0      0      0      0
-58.73 -15.24      0      0      0      0      0      0      0      0      0      0      0      0      0      0      0      0      0      0      0      0      0      0      0      0      0      0      0      0      0      0      0      0      0      0      0      0      0      0      0      0      0      0      0      0      0      0      0      0      0      0      0      0      0      0      0      0      0      0      0      0
-55.78 -14.87      0      0      0      0      0      0      0      0      0    0.1    0.1      0      0      0      0      0      0      0      0      0      0      0      0      0      0      0      0      0      0      0      0      0      0      0      0      0      0      0      0      0      0      0      0      0      0      0      0      0      0      0      0      0      0      0      0      0      0      0      0      0
-54.83 -17.61      0      0      0      0      0      0      0      0      0      0      0      0      0      0      0      0      0      0      0      0      0      0      0      0      0      0      0      0      0      0      0      0      0      0      0      0      0      0      0      0      0      0      0      0      0      0      0      0      0      0      0      0      0      0      0      0      0      0      0      0
   -39 -12.58      1    1.2    0.7    0.6    0.9    0.4    0.2    0.1    0.2    0.4    0.3    0.2    0.1    0.1    1.6    1.1    0.6    2.7    3.4    0.9    0.6    0.5    0.4    0.8    1.1    1.3    1.8    0.7    2.3    1.2      1    0.9    0.8    1.4    1.5      1    1.7    3.1    0.6    0.5    0.5    1.1    1.2    2.8    0.9      0      0      0      0      0      0      0      0      0      0      0      0      0      0      0
 -40.2  -17.9    0.1    0.1    0.1    0.2    0.1      0      0    0.1    0.1      1    1.3      1    0.9    1.1    2.5    0.4    0.8    2.1    3.1      1    1.7    0.8      0      0    0.5    0.4    0.5    0.6    0.3    0.3    0.1      0      0      0    0.2    0.3    4.4    0.8      0      0    0.2    3.5      2    0.5    2.8      0      0      0      0      0      0      0      0      0      0      0      0      0      0      0
-41.72 -20.92      0      0    0.4    0.4    0.2      0    0.1    0.1      0    0.1    0.1    0.2    0.2    0.4    1.1    0.2    0.5    0.3    0.2    0.4      0    0.3      0      0    0.1      0      0      0      0      0      0      0      0      1    7.3    2.3    2.6    0.1      0      0    2.2    7.3    2.9    1.8      2      0      0      0      0      0      0      0      0      0      0      0      0      0      0      0
-42.85 -20.21      0      0    0.1    0.4    0.1      0      0      0      0      0      0      0      0      0    0.4    0.5    0.4    0.3    0.8    0.6      0      0      0      0      0      0      0      0      0      0      0      0      0    0.3    1.1    1.4    0.6    0.3      0      0    0.3    3.8      1    0.1    0.7      0      0      0      0      0      0      0      0      0      0      0      0      0      0      0
-42.85 -19.64      0      0    0.1    0.4    0.2      0    0.1      0      0      0    0.2    0.3    0.2      0      2      1    0.6    0.5    2.7    0.7      0    0.2    0.1      0    0.1    0.1      0      0      0      0      0      0      0    0.2    1.6    0.6    2.5    1.2      0      0      0    1.2    0.7      0    1.4      0      0      0      0      0      0      0      0      0      0      0      0      0      0      0
-42.66 -19.12      0      0      0    0.1      0      0      0      0    0.2    0.3    0.4    0.4    0.4    0.5    2.4    0.9    0.4    0.6    2.5    0.8    0.1    0.5    0.1      0    0.4    0.2      0    0.1    0.1      0      0      0      0    0.1    2.8    0.5    2.3      2      0      0      0    2.4      3    0.4    0.8      0      0      0      0      0      0      0      0      0      0      0      0      0      0      0
-40.92  -19.5      0      0    0.1    0.1    0.1      0      0      0    0.1      0      0      0      0      0    2.8    0.7    0.9    1.1    2.1    0.7    0.3    0.7    0.1      0    0.2    0.2    0.1    0.1    0.1    0.1      0      0      0      0    1.8    0.6    3.6    1.2      0      0      0      2    1.8    0.2    0.8      0      0      0      0      0      0      0      0      0      0      0      0      0      0      0
-64.66  -9.26    0.2    0.3    0.2    0.1    0.1    0.4    0.6    0.4    0.5    0.6      1    0.8    1.7    0.5    2.5      1    0.7    0.7    0.9    1.2    0.6    0.3    0.5    1.1    1.1      1    0.9    0.4    0.4    0.1    0.1    1.1    0.5    1.2    1.2    0.7    3.4    1.2    0.7    1.5    3.1      1    0.2    0.3    0.9      0      0      0      0      0      0      0      0      0      0      0      0      0      0      0
-51.77  -3.13    0.1    0.6    1.1    0.1    0.1    0.1    0.2    0.1    0.1    0.1    0.1    0.2    0.1    0.1    0.1      0    0.3    0.2    0.2    0.1    0.1    0.3      0      0      0    0.1    0.1      0      0      0      0    0.1    0.1    0.2    0.1    0.2    0.1    0.5    0.2    0.1    0.2    0.1    0.5    0.3    0.2      0      0      0      0      0      0      0      0      0      0      0      0      0      0      0
